#"Progress (%)"	"Step"	"Potential Energy (kJ/mole)"	"Total Energy (kJ/mole)"	"Temperature (K)"	"Density (g/mL)"	"Speed (ns/day)"	"Time Remaining"
0.2%	1000	30673.476357553154	138455.17948255315	257.61189307259855	0.9750113796718786	0	--
0.4%	2000	49308.118935678154	171932.42362317815	293.0875867736293	0.9750113796718786	22.6	1:03:35
0.6%	3000	49183.882607553154	174837.00760755315	300.3268501351941	0.9750113796718786	22.3	1:04:18
0.8%	4000	45741.927529428154	171793.72440442815	301.27972630485755	0.9750113796718786	22.2	1:04:20
1.0%	5000	45615.573037240654	170228.22928724065	297.8399983171307	0.9750113796718786	22.1	1:04:31
1.2%	6000	42441.543740365654	168111.00467786565	300.36589509052953	0.9750113796718786	22	1:04:40
1.4%	7000	40386.581826303154	165258.73807630315	298.4602361155148	0.9750113796718786	21.9	1:04:51
1.6%	8000	40962.113076303154	166012.44120130315	298.88608941603104	0.9750113796718786	21.8	1:04:59
1.8%	9000	38780.380654428154	164859.00565442815	301.34384891443284	0.9750113796718786	21.7	1:05:06
2.0%	10000	38293.949013803154	162619.68338880315	297.1542187716269	0.9750113796718786	21.7	1:05:10
2.2%	11000	36092.014443490654	161138.85819349065	298.87776131938847	0.9750113796718786	21.6	1:05:17
2.4%	12000	36293.697060678154	162268.30643567815	301.0952384240762	0.9750113796718786	21.5	1:05:21
2.6%	13000	35277.596474740654	160626.20584974065	299.5990193035041	0.9750113796718786	21.4	1:05:26
2.8%	14000	35079.189248178154	159429.07987317815	297.211955262252	0.9750113796718786	21.4	1:05:28
3.0%	15000	33451.450966928154	157824.37284192815	297.26700286068757	0.9750113796718786	21.3	1:05:34
3.2%	16000	30971.092568490654	156074.85819349065	299.0138117950336	0.9750113796718786	21.2	1:05:41
3.4%	17000	29064.351357553154	154175.15604505315	299.03063604408055	0.9750113796718786	21.1	1:05:48
3.6%	18000	28393.045693490654	153899.88944349065	299.977219459106	0.9750113796718786	21.1	1:05:55
3.8%	19000	26576.538857553154	152170.09354505315	300.1844695591862	0.9750113796718786	21	1:06:02
4.0%	20000	26310.497841928154	151874.90409192815	300.1148011094701	0.9750113796718786	20.9	1:06:10
4.2%	21000	21517.335732553154	146914.66385755315	299.71546327360056	0.9750113796718786	20.8	1:06:19
4.4%	22000	19543.503701303154	145327.87870130315	300.64055422397223	0.9750113796718786	20.7	1:06:25
4.6%	23000	17833.506630990654	143399.14725599065	300.1177514217336	0.9750113796718786	20.6	1:06:32
4.8%	24000	14446.984170053154	139259.67948255315	298.3181169595809	0.9750113796718786	20.6	1:06:40
5.0%	25000	13127.448037240654	139033.88553724065	300.9322990265358	0.9750113796718786	20.5	1:06:45
5.2%	26000	9256.545693490654	135409.14725599065	301.5206622487566	0.9750113796718786	20.4	1:06:51
5.4%	27000	6478.551552865654	131586.00467786565	299.02262538609926	0.9750113796718786	20.3	1:07:03
5.6%	28000	2781.0437403656542	128535.63749036565	300.56937327239945	0.9750113796718786	20.2	1:07:15
5.8%	29000	-994.2697361968458	124629.21463880315	300.2560052951451	0.9750113796718786	20.1	1:07:26
6.0%	30000	-3620.7101658843458	122948.99295911565	302.517587700886	0.9750113796718786	20	1:07:37
6.2%	31000	-4804.542197134346	121839.31717786565	302.69483051104555	0.9750113796718786	19.9	1:07:47
6.4%	32000	-9675.701376821846	116214.51737317815	300.89353416413684	0.9750113796718786	19.8	1:07:57
6.6%	33000	-12562.940634634346	112680.16874036565	299.3468609692863	0.9750113796718786	19.7	1:08:10
6.8%	34000	-15537.888876821846	110079.68924817815	300.2418886111501	0.9750113796718786	19.6	1:08:22
7.0%	35000	-19548.937704946846	105181.89042005315	298.1224440342055	0.9750113796718786	19.5	1:08:32
7.2%	36000	-23411.277548696846	102044.08963880315	299.8541839685727	0.9750113796718786	19.4	1:08:44
7.4%	37000	-26738.397665884346	99283.27420911565	301.207723747338	0.9750113796718786	19.3	1:08:57
7.6%	38000	-28551.816611196846	96448.69901380315	298.76703124519474	0.9750113796718786	19.2	1:09:10
7.8%	39000	-30110.983603384346	95428.55545911565	300.05536538836407	0.9750113796718786	19.1	1:09:21
8.0%	40000	-34354.356650259346	91852.79178724065	301.6510361742238	0.9750113796718786	19.1	1:09:31
8.2%	41000	-36594.357626821846	88710.62674817815	299.49475003971025	0.9750113796718786	19	1:09:41
8.4%	42000	-38262.252158071846	86862.38846692815	299.0637056834392	0.9750113796718786	18.9	1:09:49
8.6%	43000	-42180.106650259346	83460.70584974065	300.29742170400874	0.9750113796718786	18.8	1:09:57
8.8%	44000	-43193.282431509346	82354.29569349065	300.07457976380175	0.9750113796718786	18.7	1:10:05
9.0%	45000	-44505.747275259346	80666.12772474065	299.1766018096745	0.9750113796718786	18.7	1:10:14
9.2%	46000	-45164.095908071846	79896.47440442815	298.9105695386732	0.9750113796718786	18.6	1:10:25
9.4%	47000	-49474.601767446846	76410.78104505315	300.88197566229434	0.9750113796718786	18.5	1:10:33
9.6%	48000	-51548.780478384346	73576.37577161565	299.0649380923594	0.9750113796718786	18.4	1:10:44
9.8%	49000	-52933.696494009346	72314.40506849065	299.3587929283773	0.9750113796718786	18.3	1:10:54
10.0%	50000	-52516.467001821846	72371.05643567815	298.4969656359092	0.9750113796718786	18.2	1:11:02
10.2%	51000	-54654.083212759346	70977.24491224065	300.27475284902204	0.9750113796718786	18.2	1:11:07
10.4%	52000	-56536.643759634346	68825.38749036565	299.63109928115415	0.9750113796718786	18.1	1:11:11
10.6%	53000	-58050.537314321846	67660.52518567815	300.4653280829547	0.9750113796718786	18.1	1:11:16
10.8%	54000	-57688.381064321846	66842.65799817815	297.644922923353	0.9750113796718786	18	1:11:21
11.0%	55000	-61087.712119009346	63856.686318490654	298.6329040743798	0.9750113796718786	17.9	1:11:28
11.2%	56000	-60970.380087759346	65420.073037240654	302.08915754535474	0.9750113796718786	17.9	1:11:33
11.4%	57000	-60841.055869009346	64549.444130990654	299.6991431918391	0.9750113796718786	17.8	1:11:38
11.6%	58000	-62867.046103384346	62618.657021615654	299.9266906933778	0.9750113796718786	17.7	1:11:43
11.8%	59000	-64001.217001821846	60741.626748178154	298.1511628966187	0.9750113796718786	17.7	1:11:48
12.0%	60000	-65528.918173696846	60706.261513803154	301.7180344046128	0.9750113796718786	17.6	1:11:53
12.2%	61000	-65086.825400259346	60097.393349740654	299.20610493230953	0.9750113796718786	17.6	1:11:57
12.4%	62000	-65741.28438463435	60240.614052865654	301.11266020472084	0.9750113796718786	17.5	1:12:01
12.6%	63000	-64215.067587759346	61739.002724740654	301.0461474687549	0.9750113796718786	17.5	1:12:06
12.8%	64000	-65982.12129869685	59891.167763803154	300.8530700712569	0.9750113796718786	17.4	1:12:11
13.0%	65000	-67616.79219713435	57545.192177865654	299.15296196584154	0.9750113796718786	17.3	1:12:16
13.2%	66000	-67448.58711900935	59089.272255990654	302.44147711363246	0.9750113796718786	17.3	1:12:21
13.4%	67000	-68049.35665025935	57079.463662240654	299.0736956648378	0.9750113796718786	17.2	1:12:26
13.6%	68000	-66079.37813463435	59628.871865365654	300.4586058524809	0.9750113796718786	17.2	1:12:30
13.8%	69000	-69275.69454088435	56820.336709115654	301.38545205192077	0.9750113796718786	17.1	1:12:34
14.0%	70000	-67379.99922838435	57714.039834115654	298.99056408131156	0.9750113796718786	17.1	1:12:37
14.2%	71000	-68468.80782213435	55989.285927865654	297.4705744068696	0.9750113796718786	17	1:12:41
14.4%	72000	-67988.33809557185	56769.161904428154	298.18619318653225	0.9750113796718786	16.9	1:12:44
14.6%	73000	-67389.56856432185	57193.548623178154	297.7693962242932	0.9750113796718786	16.9	1:12:47
14.8%	74000	-65827.20821275935	59059.073037240654	298.4939966507833	0.9750113796718786	16.8	1:12:50
15.0%	75000	-67842.65450182185	56443.954873178154	297.0607050765911	0.9750113796718786	16.8	1:12:52
15.2%	76000	-68001.27950182185	56829.157998178154	298.3605230301532	0.9750113796718786	16.7	1:12:54
15.4%	77000	-67604.50899400935	56897.944130990654	297.5765989197316	0.9750113796718786	16.7	1:12:56
15.6%	78000	-67745.73555650935	57305.694130990654	298.88872228963334	0.9750113796718786	16.7	1:12:58
15.8%	79000	-68845.67696275935	55713.573037240654	297.7123506295779	0.9750113796718786	16.6	1:13:00
16.0%	80000	-65631.79512682185	58993.931435678154	297.87123801597147	0.9750113796718786	16.6	1:13:02
16.2%	81000	-66542.36836900935	58758.194130990654	299.4841811995764	0.9750113796718786	16.5	1:13:03
16.4%	82000	-65375.313681509346	59199.866005990654	297.7504245960671	0.9750113796718786	16.5	1:13:04
16.6%	83000	-66202.64375963435	58897.254677865654	299.0045687281321	0.9750113796718786	16.4	1:13:04
16.8%	84000	-65589.79122057185	59833.482216928154	299.7774758497215	0.9750113796718786	16.4	1:13:02
17.0%	85000	-66591.55977525935	58661.268349740654	299.3700900101458	0.9750113796718786	16.4	1:13:02
17.2%	86000	-66381.26582994685	59191.281045053154	300.1342582321193	0.9750113796718786	16.3	1:13:01
17.4%	87000	-64853.962119009346	60861.131630990654	300.4749632799672	0.9750113796718786	16.3	1:13:01
17.6%	88000	-66440.26485338435	58286.391396615654	298.11247272566936	0.9750113796718786	16.3	1:13:00
17.8%	89000	-66141.20821275935	59147.424599740654	299.45566773864994	0.9750113796718786	16.2	1:12:59
18.0%	90000	-65209.494345571846	60465.013466928154	300.37795775965753	0.9750113796718786	16.2	1:12:58
18.2%	91000	-63809.774619009346	60997.873818490654	298.3060542904529	0.9750113796718786	16.1	1:12:56
18.4%	92000	-64494.823447134346	60680.465615365654	299.1847618505552	0.9750113796718786	16.1	1:12:54
18.6%	93000	-65969.06758775935	59425.198037240654	299.7081435115291	0.9750113796718786	16.1	1:12:53
18.8%	94000	-65174.394736196846	59576.738076303154	298.170974803654	0.9750113796718786	16.1	1:12:51
19.0%	95000	-62422.746298696846	62431.433388803154	298.4172698590696	0.9750113796718786	16	1:12:49
19.2%	96000	-62965.635947134346	61427.574990365654	297.31549628441115	0.9750113796718786	16	1:12:46
19.4%	97000	-62818.262900259346	61931.940224740654	298.1687527330252	0.9750113796718786	16	1:12:43
19.6%	98000	-62072.197470571846	63587.513466928154	300.3425913582203	0.9750113796718786	15.9	1:12:40
19.8%	99000	-62902.067587759346	62684.573037240654	300.1679440759381	0.9750113796718786	15.9	1:12:37
20.0%	100000	-63389.973837759346	62029.619912240654	299.76868093151825	0.9750113796718786	15.9	1:12:34
20.2%	101000	-62845.984579946846	62086.484170053154	298.6043906134533	0.9750113796718786	15.8	1:12:30
20.4%	102000	-62906.008994009346	61655.569130990654	297.7179151425812	0.9750113796718786	15.8	1:12:26
20.6%	103000	-62839.591025259346	61994.971474740654	298.3703823015148	0.9750113796718786	15.8	1:12:23
20.8%	104000	-59985.917197134346	65776.55155286565	300.58819551772615	0.9750113796718786	15.8	1:12:19
21.0%	105000	-59424.496298696846	64963.394326303154	297.3027800650982	0.9750113796718786	15.7	1:12:15
21.2%	106000	-58230.757040884346	67001.41483411565	299.32071896188813	0.9750113796718786	15.7	1:12:11
21.4%	107000	-57035.585165884346	67499.33670911565	297.6542033359794	0.9750113796718786	15.7	1:12:07
21.6%	108000	-57928.527548696846	68469.33963880315	302.1068780917982	0.9750113796718786	15.7	1:12:02
21.8%	109000	-57806.304892446846	67200.42948255315	298.78189484368687	0.9750113796718786	15.6	1:11:58
22.0%	110000	-55573.737509634346	69177.21561536565	298.17054532781816	0.9750113796718786	15.6	1:11:51
22.2%	111000	-55514.141806509346	69633.75663099065	299.1192947948852	0.9750113796718786	15.6	1:11:45
22.4%	112000	-55177.754111196846	70078.90213880315	299.37923971273517	0.9750113796718786	15.6	1:11:38
22.6%	113000	-54390.664267446846	70676.71073255315	298.92683360184736	0.9750113796718786	15.6	1:11:31
22.8%	114000	-54388.166220571846	70264.61502942815	297.93590213855714	0.9750113796718786	15.6	1:11:24
23.0%	115000	-55927.296103384346	68620.80545911565	297.68570445489416	0.9750113796718786	15.6	1:11:17
23.2%	116000	-54972.655478384346	70478.89920911565	299.8450716117082	0.9750113796718786	15.5	1:11:11
23.4%	117000	-55399.801962759346	70189.06522474065	300.17326584172986	0.9750113796718786	15.5	1:11:04
23.6%	118000	-56056.262900259346	68789.39334974065	298.39689776616154	0.9750113796718786	15.5	1:10:57
23.8%	119000	-56154.037314321846	69307.52518567815	299.86899154847754	0.9750113796718786	15.5	1:10:51
24.0%	120000	-55018.395712759346	69763.64334974065	298.24484464741624	0.9750113796718786	15.5	1:10:44
24.2%	121000	-55008.306845571846	69663.40409192815	297.9811464842184	0.9750113796718786	15.5	1:10:37
24.4%	122000	-56437.725790884346	68919.85233411565	299.6204557495706	0.9750113796718786	15.4	1:10:31
24.6%	123000	-55622.940634634346	69281.21561536565	298.53672016001684	0.9750113796718786	15.4	1:10:25
24.8%	124000	-55197.626181509346	70269.06913099065	299.88125961909225	0.9750113796718786	15.4	1:10:18
25.0%	125000	-54334.921103384346	70997.90702161565	299.561300121401	0.9750113796718786	15.4	1:10:10
25.2%	126000	-56919.937704946846	69007.31229505315	300.98204353204204	0.9750113796718786	15.4	1:10:02
25.4%	127000	-55741.814658071846	68755.38846692815	297.5640507561805	0.9750113796718786	15.4	1:09:55
25.6%	128000	-55658.762900259346	69701.51834974065	299.6269165599704	0.9750113796718786	15.4	1:09:47
25.8%	129000	-57556.681845571846	68037.11502942815	300.1850484179215	0.9750113796718786	15.3	1:09:39
26.0%	130000	-55547.132040884346	70632.43827161565	301.5851209698555	0.9750113796718786	15.3	1:09:31
26.2%	131000	-55858.640829946846	69869.32792005315	300.5057361572473	0.9750113796718786	15.3	1:09:24
26.4%	132000	-54438.612509634346	70149.37186536565	297.7810294175854	0.9750113796718786	15.3	1:09:17
26.6%	133000	-54367.018759634346	70524.30936536565	298.5060593199113	0.9750113796718786	15.3	1:09:10
26.8%	134000	-54496.354697134346	71153.74686536565	300.31962373743477	0.9750113796718786	15.3	1:09:02
27.0%	135000	-54957.848837759346	70709.17459974065	300.36006915745224	0.9750113796718786	15.3	1:08:54
27.2%	136000	-53148.638876821846	70882.82987317815	296.45088673544143	0.9750113796718786	15.2	1:08:45
27.4%	137000	-55792.861533071846	69757.99784192815	300.0824223660212	0.9750113796718786	15.2	1:08:37
27.6%	138000	-55294.620322134346	69706.03592786565	298.76736735671847	0.9750113796718786	15.2	1:08:29
27.8%	139000	-55440.230673696846	69356.75370130315	298.2805658332396	0.9750113796718786	15.2	1:08:21
28.0%	140000	-54156.019736196846	70098.99588880315	296.98519202093524	0.9750113796718786	15.2	1:08:13
28.2%	141000	-52368.873251821846	71771.97831067815	296.7123254822856	0.9750113796718786	15.2	1:08:05
28.4%	142000	-52606.881064321846	72705.07206067815	299.5114062329954	0.9750113796718786	15.2	1:07:58
28.6%	143000	-53401.512900259346	72557.76834974065	301.0586022679939	0.9750113796718786	15.2	1:07:51
28.8%	144000	-51913.494345571846	72882.53690442815	298.2782877440235	0.9750113796718786	15.1	1:07:42
29.0%	145000	-52489.038290884346	72727.28983411565	299.28285039688564	0.9750113796718786	15.1	1:07:35
29.2%	146000	-52984.011923696846	72066.93338880315	298.88756457216283	0.9750113796718786	15.1	1:07:27
29.4%	147000	-53180.813681509346	72155.90506849065	299.5705992068898	0.9750113796718786	15.1	1:07:18
29.6%	148000	-54951.473837759346	70416.71366224065	299.6458134967468	0.9750113796718786	15.1	1:07:10
29.8%	149000	-54409.522665884346	71098.78983411565	299.98072995724226	0.9750113796718786	15.1	1:07:02
30.0%	150000	-52821.379111196846	72511.73807630315	299.56199101731085	0.9750113796718786	15.1	1:06:53
30.2%	151000	-51748.793173696846	73387.17557630315	299.0907813339588	0.9750113796718786	15.1	1:06:44
30.4%	152000	-54194.217978384346	71604.75077161565	300.6754351309864	0.9750113796718786	15.1	1:06:35
30.6%	153000	-53325.842001821846	72044.36112317815	299.65063109525306	0.9750113796718786	15	1:06:25
30.8%	154000	-52932.365439321846	72467.02518567815	299.7203929092814	0.9750113796718786	15	1:06:16
31.0%	155000	-53622.057822134346	70874.53592786565	297.5625942729112	0.9750113796718786	15	1:06:06
31.2%	156000	-50962.448447134346	73370.43436536565	297.17130444074786	0.9750113796718786	15	1:05:57
31.4%	157000	-51820.305869009346	72594.53788099065	297.3672014404723	0.9750113796718786	15	1:05:48
31.6%	158000	-52518.008994009346	72825.03788099065	299.58572422545586	0.9750113796718786	15	1:05:38
31.8%	159000	-52109.381064321846	72723.57206067815	298.3665356918548	0.9750113796718786	15	1:05:28
32.0%	160000	-51534.185751821846	73483.82987317815	298.8088584570319	0.9750113796718786	15	1:05:19
32.2%	161000	-52138.998251821846	71384.56424817815	295.23692660331994	0.9750113796718786	15	1:05:09
32.4%	162000	-52483.853720571846	72794.17752942815	299.4303286643362	0.9750113796718786	15	1:05:00
32.6%	163000	-51445.234579946846	73305.70292005315	298.17050798209334	0.9750113796718786	15	1:04:50
32.8%	164000	-53368.292197134346	70844.91874036565	296.88527353408693	0.9750113796718786	15	1:04:40
33.0%	165000	-50920.104697134346	73415.00467786565	297.1766262065396	0.9750113796718786	15	1:04:30
33.2%	166000	-51485.335165884346	72652.24295911565	296.70450155292855	0.9750113796718786	14.9	1:04:20
33.4%	167000	-52603.727744009346	71744.79569349065	297.20868751132724	0.9750113796718786	14.9	1:04:10
33.6%	168000	-53093.836142446846	72754.91385755315	300.79441861037293	0.9750113796718786	14.9	1:04:00
33.8%	169000	-52428.697470571846	72289.69315442815	298.0927168372213	0.9750113796718786	14.9	1:03:51
34.0%	170000	-52629.778525259346	72288.08084974065	298.5694723607143	0.9750113796718786	14.9	1:03:41
34.2%	171000	-51107.561728384346	73604.57889661565	298.07777854727954	0.9750113796718786	14.9	1:03:31
34.4%	172000	-54023.677939321846	71161.42362317815	299.20821496576383	0.9750113796718786	14.9	1:03:22
34.6%	173000	-53092.868369009346	71777.64725599065	298.45631481440506	0.9750113796718786	14.9	1:03:12
34.8%	174000	-50914.932822134346	74784.97342786565	300.4386632354086	0.9750113796718786	14.9	1:03:03
35.0%	175000	-52018.095908071846	73249.88065442815	299.40629669039225	0.9750113796718786	14.9	1:02:53
35.2%	176000	-52448.369345571846	72495.19315442815	298.6309060781	0.9750113796718786	14.9	1:02:43
35.4%	177000	-51486.703329946846	73706.10917005315	299.22664508097955	0.9750113796718786	14.9	1:02:34
35.6%	178000	-50891.608603384346	73399.62577161565	297.07175941114804	0.9750113796718786	14.9	1:02:25
35.8%	179000	-53090.764853384346	71597.03202161565	298.0195939079561	0.9750113796718786	14.8	1:02:15
36.0%	180000	-52033.465048696846	72534.33182630315	297.73277874107333	0.9750113796718786	14.8	1:02:06
36.2%	181000	-53246.375204946846	71926.32792005315	299.17858113309177	0.9750113796718786	14.8	1:01:56
36.4%	182000	-53449.848837759346	70961.68241224065	297.35928414680313	0.9750113796718786	14.8	1:01:46
36.6%	183000	-54388.424033071846	71347.37284192815	300.5244463653995	0.9750113796718786	14.8	1:01:36
36.8%	184000	-54222.362509634346	69566.59061536565	295.8712437399742	0.9750113796718786	14.8	1:01:26
37.0%	185000	-53668.368369009346	71543.92850599065	299.27321519987316	0.9750113796718786	14.8	1:01:15
37.2%	186000	-54372.751181509346	71622.28006849065	301.14404928646104	0.9750113796718786	14.8	1:01:05
37.4%	187000	-52954.916220571846	72479.39627942815	299.80386060433125	0.9750113796718786	14.8	1:00:55
37.6%	188000	-55988.712119009346	68986.54569349065	298.70666188096743	0.9750113796718786	14.8	1:00:45
37.8%	189000	-55735.597861196846	68760.05838880315	297.56035352941996	0.9750113796718786	14.8	1:00:35
38.0%	190000	-55381.454306509346	69915.63163099065	299.4758717757963	0.9750113796718786	14.8	1:00:25
38.2%	191000	-56676.345908071846	69166.18534192815	300.7795550118808	0.9750113796718786	14.8	1:00:14
38.4%	192000	-54423.496298696846	70235.64432630315	297.95110184857293	0.9750113796718786	14.8	1:00:04
38.6%	193000	-56540.565634634346	68847.84842786565	299.6941575375711	0.9750113796718786	14.8	59:55
38.8%	194000	-55730.022665884346	69389.65702161565	299.0518484157979	0.9750113796718786	14.7	59:45
39.0%	195000	-55314.024619009346	70454.63163099065	300.6029844247686	0.9750113796718786	14.7	59:35
39.2%	196000	-55465.012900259346	69457.06522474065	298.579555706425	0.9750113796718786	14.7	59:25
39.4%	197000	-58883.636923696846	65637.29276380315	297.62076023937215	0.9750113796718786	14.7	59:15
39.6%	198000	-58345.686728384346	66617.20389661565	298.67710273974507	0.9750113796718786	14.7	59:05
39.8%	199000	-56070.645712759346	69037.26053724065	299.02370841212	0.9750113796718786	14.7	58:55
40.0%	200000	-56285.464072134346	68351.73905286565	297.89866845087715	0.9750113796718786	14.7	58:45
40.2%	201000	-57775.269736196846	67219.80838880315	298.7540349329454	0.9750113796718786	14.7	58:35
40.4%	202000	-56923.605673696846	68577.46463880315	299.9634202137722	0.9750113796718786	14.7	58:25
40.6%	203000	-56395.360556509346	68300.61600599065	298.03914439491746	0.9750113796718786	14.7	58:15
40.8%	204000	-54922.524619009346	69814.81913099065	298.1380172014699	0.9750113796718786	14.7	58:05
41.0%	205000	-56140.387900259346	69096.55741224065	299.3321280808312	0.9750113796718786	14.7	57:55
41.2%	206000	-57734.580283071846	66087.74002942815	295.95099553540103	0.9750113796718786	14.7	57:45
41.4%	207000	-58627.936728384346	66476.71952161565	299.01594050135026	0.9750113796718786	14.7	57:35
41.6%	208000	-58370.851767446846	67075.68729505315	299.8330836340299	0.9750113796718786	14.6	57:24
41.8%	209000	-57818.821494009346	67318.49881849065	299.09401173915865	0.9750113796718786	14.6	57:14
42.0%	210000	-59577.745322134346	65785.80155286565	299.63472181646506	0.9750113796718786	14.6	57:04
42.2%	211000	-59704.615439321846	64944.001748178154	297.92594950288344	0.9750113796718786	14.6	56:54
42.4%	212000	-59465.140829946846	65276.718545053154	298.14881011595287	0.9750113796718786	14.6	56:44
42.6%	213000	-59307.297079946846	67206.40604505315	302.3837406230073	0.9750113796718786	14.6	56:33
42.8%	214000	-58958.665244009346	64956.178505990654	296.17213824512714	0.9750113796718786	14.6	56:23
43.0%	215000	-59020.305869009346	65608.17850599065	297.87782953640834	0.9750113796718786	14.6	56:13
43.2%	216000	-58968.073447134346	66205.86405286565	299.18153144535523	0.9750113796718786	14.6	56:02
43.4%	217000	-59067.849814321846	65327.806435678154	297.3213408903509	0.9750113796718786	14.6	55:52
43.6%	218000	-58665.312704946846	66446.34354505315	299.0326713860851	0.9750113796718786	14.6	55:41
43.8%	219000	-59491.751181509346	65538.81131849065	298.8388470740901	0.9750113796718786	14.6	55:31
44.0%	220000	-58893.519736196846	65801.16776380315	298.03606337261704	0.9750113796718786	14.6	55:20
44.2%	221000	-59906.220908071846	64387.950966928154	297.0787804074207	0.9750113796718786	14.6	55:10
44.4%	222000	-58996.946494009346	65721.99100599065	298.0940239375912	0.9750113796718786	14.6	55:00
44.6%	223000	-60612.399619009346	65920.67850599065	302.4300493218269	0.9750113796718786	14.6	54:49
44.8%	224000	-57952.925986196846	67002.08963880315	298.6582804944184	0.9750113796718786	14.5	54:39
45.0%	225000	-61182.592001821846	64267.001748178154	299.84038472323897	0.9750113796718786	14.5	54:28
45.2%	226000	-59423.713095571846	65541.56815442815	298.68281663564784	0.9750113796718786	14.5	54:17
45.4%	227000	-60166.623251821846	63998.634560678154	296.7706595045084	0.9750113796718786	14.5	54:07
45.6%	228000	-60835.163290884346	64264.055459115654	299.0029441891009	0.9750113796718786	14.5	53:56
45.8%	229000	-60033.282431509346	65182.983193490654	299.2827010139862	0.9750113796718786	14.5	53:46
46.0%	230000	-59988.115439321846	65825.89237317815	300.71138039115885	0.9750113796718786	14.5	53:35
46.2%	231000	-59787.120322134346	65592.48905286565	299.6731132216155	0.9750113796718786	14.5	53:24
46.4%	232000	-60978.061728384346	64077.328896615654	298.8981894308839	0.9750113796718786	14.5	53:14
46.6%	233000	-60478.899619009346	65290.420693490654	300.60457161807483	0.9750113796718786	14.5	53:03
46.8%	234000	-60540.112509634346	64256.653115365654	298.2800429930917	0.9750113796718786	14.5	52:52
47.0%	235000	-61304.538290884346	63639.680459115654	298.6324745985439	0.9750113796718786	14.5	52:41
47.2%	236000	-61129.717978384346	63486.907021615654	297.84948413124374	0.9750113796718786	14.5	52:31
47.4%	237000	-60932.639853384346	64242.532021615654	299.1844817576188	0.9750113796718786	14.5	52:20
47.6%	238000	-61025.467978384346	64246.680459115654	299.41626799892845	0.9750113796718786	14.5	52:09
47.8%	239000	-61237.041220571846	63446.747841928154	298.010014729531	0.9750113796718786	14.5	51:58
48.0%	240000	-62396.842978384346	63102.391396615654	299.9590320911018	0.9750113796718786	14.5	51:47
48.2%	241000	-62987.092001821846	63210.329873178154	301.6277884605018	0.9750113796718786	14.5	51:37
48.4%	242000	-61147.945517446846	63698.359170053154	298.398447613743	0.9750113796718786	14.4	51:26
48.6%	243000	-60399.768759634346	64694.168740365654	298.99032133410003	0.9750113796718786	14.4	51:15
48.8%	244000	-61292.618369009346	63591.233193490654	298.48818939056844	0.9750113796718786	14.4	51:04
49.0%	245000	-61354.315634634346	63876.731240365654	299.3180300696986	0.9750113796718786	14.4	50:53
49.2%	246000	-62998.825400259346	62764.010537240654	300.58907314226025	0.9750113796718786	14.4	50:42
49.4%	247000	-61575.650595571846	62689.365029428154	297.00909328484215	0.9750113796718786	14.4	50:31
49.6%	248000	-61939.239462759346	63220.666787240654	299.1479949844359	0.9750113796718786	14.4	50:20
49.8%	249000	-63812.290244009346	61323.162880990654	299.0895489250385	0.9750113796718786	14.4	50:09
50.0%	250000	-63569.525595571846	61072.146279428154	297.90934932818556	0.9750113796718786	14.4	49:58
50.2%	251000	-61268.424033071846	62770.068154428154	296.46767363876353	0.9750113796718786	14.4	49:47
50.4%	252000	-61839.401572134346	63222.004677865654	298.9125675349529	0.9750113796718786	14.4	49:36
50.6%	253000	-62029.362509634346	63740.871865365654	300.6067563429788	0.9750113796718786	14.4	49:24
50.8%	254000	-62959.968954946846	63160.937295053154	301.44490644588916	0.9750113796718786	14.4	49:13
51.0%	255000	-62040.772665884346	62189.203896615654	296.92534549685587	0.9750113796718786	14.4	49:02
51.2%	256000	-61458.414267446846	63695.937295053154	299.1347185792501	0.9750113796718786	14.4	48:51
51.4%	257000	-61026.731650259346	63979.510537240654	298.780718453354	0.9750113796718786	14.4	48:40
51.6%	258000	-61416.284384634346	64120.270302865654	300.0482323549169	0.9750113796718786	14.4	48:29
51.8%	259000	-60377.025595571846	65027.286904428154	299.7321568126105	0.9750113796718786	14.4	48:18
52.0%	260000	-62616.192587759346	62019.604287240654	297.8953073356402	0.9750113796718786	14.4	48:06
52.2%	261000	-61982.531454946846	62113.718545053154	296.6057221106883	0.9750113796718786	14.4	47:55
52.4%	262000	-62623.954306509346	62544.295693490654	299.16793760150824	0.9750113796718786	14.4	47:44
52.6%	263000	-61083.132040884346	63802.055459115654	298.4913824500435	0.9750113796718786	14.4	47:33
52.8%	264000	-61507.960165884346	62965.766396615654	297.5079388045866	0.9750113796718786	14.3	47:22
53.0%	265000	-61747.809775259346	63968.955849740654	300.47895927252665	0.9750113796718786	14.3	47:10
53.2%	266000	-61819.032431509346	63601.030068490654	299.76980130326393	0.9750113796718786	14.3	46:59
53.4%	267000	-62332.252158071846	61660.763466928154	296.3589789065744	0.9750113796718786	14.3	46:48
53.6%	268000	-61175.365439321846	63506.970498178154	298.0065415771195	0.9750113796718786	14.3	46:36
53.8%	269000	-61317.600790884346	64340.352334115654	300.33838996417416	0.9750113796718786	14.3	46:25
54.0%	270000	-62006.104697134346	63444.926552865654	299.8438205299256	0.9750113796718786	14.3	46:14
54.2%	271000	-61507.466025259346	63710.455849740654	299.2866596608208	0.9750113796718786	14.3	46:03
54.4%	272000	-61507.885947134346	64688.973427865654	301.62644401440707	0.9750113796718786	14.3	45:51
54.6%	273000	-62312.883994009346	62986.795693490654	299.4820711661221	0.9750113796718786	14.3	45:40
54.8%	274000	-62816.407431509346	62474.951943490654	299.4621845676371	0.9750113796718786	14.3	45:28
55.0%	275000	-60959.840048696846	63663.050576303154	297.8644597669104	0.9750113796718786	14.3	45:17
55.2%	276000	-59552.836142446846	66143.73417005315	300.43068992315216	0.9750113796718786	14.3	45:06
55.4%	277000	-59938.346884634346	64972.340615365654	298.55233067300605	0.9750113796718786	14.3	44:54
55.6%	278000	-61436.912314321846	64159.040810678154	300.1902021279514	0.9750113796718786	14.3	44:43
55.8%	279000	-62376.075400259346	62966.862099740654	299.5854628053819	0.9750113796718786	14.3	44:32
56.0%	280000	-62099.652548696846	62740.316201303154	298.38330392231444	0.9750113796718786	14.3	44:20
56.2%	281000	-59856.456259634346	64501.793740365654	297.23193522504914	0.9750113796718786	14.3	44:09
56.4%	282000	-60974.837119009346	64279.491005990654	299.37367519973185	0.9750113796718786	14.3	43:57
56.6%	283000	-61023.035361196846	64487.527138803154	299.98610774162137	0.9750113796718786	14.3	43:46
56.8%	284000	-60979.716025259346	63987.658974740654	298.68782096277835	0.9750113796718786	14.3	43:34
57.0%	285000	-60073.656454946846	65379.390420053154	299.84863812843184	0.9750113796718786	14.3	43:23
57.2%	286000	-61617.860556509346	63885.123818490654	299.9679950650669	0.9750113796718786	14.3	43:11
57.4%	287000	-60133.275595571846	65554.53690442815	300.4097576443712	0.9750113796718786	14.3	43:00
57.6%	288000	-60201.975790884346	64528.024209115654	298.1204647107882	0.9750113796718786	14.3	42:48
57.8%	289000	-61056.163290884346	64021.047646615654	298.9503427356433	0.9750113796718786	14.3	42:37
58.0%	290000	-62234.697470571846	63734.255654428154	301.0817192716788	0.9750113796718786	14.3	42:25
58.2%	291000	-59913.065634634346	65306.231240365654	299.28994608460795	0.9750113796718786	14.3	42:13
58.4%	292000	-60770.423056509346	63976.217568490654	298.1602379077583	0.9750113796718786	14.2	42:02
58.6%	293000	-62244.317587759346	62865.307412240654	299.027816441854	0.9750113796718786	14.2	41:50
58.8%	294000	-60076.036337759346	64793.651162240654	298.4543354909878	0.9750113796718786	14.2	41:39
59.0%	295000	-60460.735556509346	64973.405068490654	299.80344980135783	0.9750113796718786	14.2	41:27
59.2%	296000	-59765.486533071846	65764.51346692815	300.0325658233404	0.9750113796718786	14.2	41:16
59.4%	297000	-62260.106650259346	63412.229287240654	300.37276670390276	0.9750113796718786	14.2	41:04
59.6%	298000	-61331.983603384346	63782.492959115654	299.0394122894213	0.9750113796718786	14.2	40:52
59.8%	299000	-60514.790244009346	64035.741005990654	297.6915117151091	0.9750113796718786	14.2	40:41
60.0%	300000	-61719.353720571846	63020.021279428154	298.14287214570095	0.9750113796718786	14.2	40:29
60.2%	301000	-61558.733603384346	63337.063271615654	298.5167401972197	0.9750113796718786	14.2	40:17
60.4%	302000	-62640.632040884346	62539.289834115654	299.19583485797455	0.9750113796718786	14.2	40:06
60.6%	303000	-62569.894736196846	61974.761513803154	297.6774697225638	0.9750113796718786	14.2	39:54
60.8%	304000	-62367.467978384346	63094.532021615654	299.87003722877347	0.9750113796718786	14.2	39:43
61.0%	305000	-61345.716025259346	63309.690224740654	297.9421762203327	0.9750113796718786	14.2	39:31
61.2%	306000	-62327.620322134346	62700.598427865654	298.83324521536184	0.9750113796718786	14.2	39:19
61.4%	307000	-63345.658408071846	61420.372841928154	298.2065839523028	0.9750113796718786	14.2	39:07
61.6%	308000	-64859.071494009346	60258.514443490654	299.0468440886674	0.9750113796718786	14.2	38:55
61.8%	309000	-62587.160361196846	61364.245888803154	296.2595272412868	0.9750113796718786	14.2	38:43
62.0%	310000	-62364.838095571846	62268.450966928154	297.8893133468011	0.9750113796718786	14.2	38:31
62.2%	311000	-63515.468954946846	62624.624795053154	301.49076699601056	0.9750113796718786	14.2	38:19
62.4%	312000	-61533.446494009346	63903.256630990654	299.80957450023396	0.9750113796718786	14.2	38:07
62.6%	313000	-60631.662314321846	64592.665810678154	299.3019714080111	0.9750113796718786	14.2	37:55
62.8%	314000	-61521.654501821846	62951.236123178154	297.5059408083069	0.9750113796718786	14.2	37:43
63.0%	315000	-64009.396689321846	62407.923623178154	302.1533735192421	0.9750113796718786	14.2	37:31
63.2%	316000	-63788.931845571846	60575.771279428154	297.2473590094141	0.9750113796718786	14.2	37:19
63.4%	317000	-64514.304892446846	60693.866982553154	299.26335592851154	0.9750113796718786	14.2	37:07
63.6%	318000	-63877.889853384346	61383.196084115654	299.38982722573144	0.9750113796718786	14.2	36:55
63.8%	319000	-65153.058798696846	60137.144326303154	299.45942098399786	0.9750113796718786	14.2	36:43
64.0%	320000	-66353.54317369685	59048.277138803154	299.7262001694962	0.9750113796718786	14.2	36:32
64.2%	321000	-65069.583212759346	60366.182412240654	299.80733375674265	0.9750113796718786	14.2	36:20
64.4%	322000	-66164.65450182185	58474.986123178154	297.90449438395444	0.9750113796718786	14.2	36:08
64.6%	323000	-64411.497275259346	60786.221474740654	299.2383716385838	0.9750113796718786	14.2	35:56
64.8%	324000	-63149.721884634346	60862.926552865654	296.4059038098542	0.9750113796718786	14.2	35:44
65.0%	325000	-64176.749228384346	60862.235146615654	298.85897641978664	0.9750113796718786	14.2	35:32
65.2%	326000	-63364.043173696846	60623.659951303154	296.34628136012384	0.9750113796718786	14.2	35:20
65.4%	327000	-64797.539267446846	61680.554482553154	302.2986297160639	0.9750113796718786	14.2	35:08
65.6%	328000	-64696.265829946846	60771.163857553154	299.88301486816044	0.9750113796718786	14.2	34:56
65.8%	329000	-63295.057822134346	61442.676552865654	298.13895084459125	0.9750113796718786	14.2	34:44
66.0%	330000	-63548.942587759346	62614.026162240654	301.5454411371976	0.9750113796718786	14.2	34:32
66.2%	331000	-61134.009970571846	64151.130654428154	299.447320969145	0.9750113796718786	14.2	34:20
66.4%	332000	-63346.690634634346	62269.996865365654	300.23975990483336	0.9750113796718786	14.2	34:08
66.6%	333000	-64289.112509634346	60625.574990365654	298.5618911785688	0.9750113796718786	14.2	33:56
66.8%	334000	-63917.000204946846	61119.101357553154	298.85208613355104	0.9750113796718786	14.2	33:44
67.0%	335000	-64595.706259634346	60044.809365365654	297.9065857445463	0.9750113796718786	14.2	33:32
67.2%	336000	-62437.886923696846	62192.769326303154	297.8830205921631	0.9750113796718786	14.2	33:20
67.4%	337000	-61381.368369009346	63567.522255990654	298.6436409702754	0.9750113796718786	14.2	33:08
67.6%	338000	-63461.314658071846	61678.911904428154	299.1009580439816	0.9750113796718786	14.2	32:56
67.8%	339000	-63170.057822134346	61611.254677865654	298.24310807121054	0.9750113796718786	14.2	32:44
68.0%	340000	-62106.246298696846	62927.167763803154	298.845662668876	0.9750113796718786	14.2	32:32
68.2%	341000	-61802.698447134346	62368.254677865654	296.7842720212179	0.9750113796718786	14.2	32:20
68.4%	342000	-62190.621298696846	63406.777138803154	300.19365660750043	0.9750113796718786	14.2	32:08
68.6%	343000	-62021.164267446846	63046.913857553154	298.9285141594658	0.9750113796718786	14.2	31:56
68.8%	344000	-64878.232626821846	59564.150185678154	297.4330232805284	0.9750113796718786	14.2	31:44
69.0%	345000	-62821.458212759346	62643.776162240654	299.87776779381835	0.9750113796718786	14.2	31:32
69.2%	346000	-62697.937704946846	61491.538857553154	296.82854537803286	0.9750113796718786	14.2	31:20
69.4%	347000	-63118.329306509346	61868.983193490654	298.7354741076927	0.9750113796718786	14.2	31:08
69.6%	348000	-62660.071494009346	61156.022255990654	295.9361132640465	0.9750113796718786	14.1	30:56
69.8%	349000	-63809.425009634346	60013.567177865654	295.95260140156984	0.9750113796718786	14.1	30:44
70.0%	350000	-63416.351767446846	62391.210732553154	300.69597527965635	0.9750113796718786	14.1	30:32
70.2%	351000	-63011.386923696846	62025.566201303154	298.8541214755556	0.9750113796718786	14.1	30:20
70.4%	352000	-62843.158408071846	61930.021279428154	298.22366962142377	0.9750113796718786	14.1	30:08
70.6%	353000	-62468.739462759346	63764.526162240654	301.7134595533181	0.9750113796718786	14.1	29:56
70.8%	354000	-62079.259970571846	63151.583779428154	299.31754457527546	0.9750113796718786	14.1	29:44
71.0%	355000	-62979.151572134346	62285.059365365654	299.39729637070235	0.9750113796718786	14.1	29:31
71.2%	356000	-63734.157431509346	60444.959755990654	296.80378516245435	0.9750113796718786	14.1	29:19
71.4%	357000	-61282.390829946846	63705.843545053154	298.73767750545915	0.9750113796718786	14.1	29:07
71.6%	358000	-60707.874228384346	64830.383584115654	300.05230303892597	0.9750113796718786	14.1	28:55
71.8%	359000	-61392.186728384346	63483.688271615654	298.4691243980302	0.9750113796718786	14.1	28:43
72.0%	360000	-61429.692587759346	63530.057412240654	298.66959624904933	0.9750113796718786	14.1	28:31
72.2%	361000	-62196.906454946846	62608.452920053154	298.30058314176165	0.9750113796718786	14.1	28:19
72.4%	362000	-62601.852744009346	62068.444130990654	297.9777666961191	0.9750113796718786	14.1	28:07
72.6%	363000	-62567.920126821846	62136.454873178154	298.0592177220268	0.9750113796718786	14.1	27:55
72.8%	364000	-64153.900595571846	61285.458779428154	299.81592327345925	0.9750113796718786	14.1	27:43
73.0%	365000	-63412.740439321846	62070.915810678154	299.92179840342186	0.9750113796718786	14.1	27:31
73.2%	366000	-64567.447470571846	60456.427529428154	298.8228631038523	0.9750113796718786	14.1	27:19
73.4%	367000	-63396.161337759346	62430.487099740654	300.74159308256617	0.9750113796718786	14.1	27:07
73.6%	368000	-64891.479697134346	59914.973427865654	298.3031973425015	0.9750113796718786	14.1	26:54
73.8%	369000	-64024.545126821846	61667.306435678154	300.4194115142461	0.9750113796718786	14.1	26:42
74.0%	370000	-62856.874228384346	62576.367959115654	299.80130242217865	0.9750113796718786	14.1	26:30
74.2%	371000	-62433.981650259346	63324.557412240654	300.5788030679252	0.9750113796718786	14.1	26:18
74.4%	372000	-61262.766806509346	62846.201943490654	296.63612153071995	0.9750113796718786	14.1	26:06
74.6%	373000	-63527.534384634346	61932.293740365654	299.8648461730187	0.9750113796718786	14.1	25:54
74.8%	374000	-64093.331259634346	61635.871865365654	300.50868646951085	0.9750113796718786	14.1	25:41
75.0%	375000	-63931.495322134346	61424.442177865654	299.61653444846087	0.9750113796718786	14.1	25:29
75.2%	376000	-62492.511923696846	62784.863076303154	299.4287601438923	0.9750113796718786	14.1	25:17
75.4%	377000	-62527.518759634346	63110.981240365654	300.2918945367303	0.9750113796718786	14.1	25:05
75.6%	378000	-62327.520712759346	62867.377724740654	299.2316307352476	0.9750113796718786	14.1	24:53
75.8%	379000	-63020.838095571846	62143.130654428154	299.1577048728981	0.9750113796718786	14.1	24:41
76.0%	380000	-65415.087119009346	59532.295693490654	298.6400371078269	0.9750113796718786	14.1	24:29
76.2%	381000	-66079.58028307185	58409.404091928154	297.5444069049071	0.9750113796718786	14.1	24:16
76.4%	382000	-67331.71211900935	57113.725380990654	297.4403243697374	0.9750113796718786	14.1	24:04
76.6%	383000	-67958.19747057185	57092.177529428154	298.8862014532056	0.9750113796718786	14.1	23:52
76.8%	384000	-66412.71309557185	58650.599404428154	298.9171237133852	0.9750113796718786	14.1	23:40
77.0%	385000	-64842.481650259346	60718.963662240654	300.10772409461015	0.9750113796718786	14.1	23:28
77.2%	386000	-64728.244345571846	60378.302529428154	299.0204593340577	0.9750113796718786	14.1	23:16
77.4%	387000	-64650.209189321846	60425.314248178154	298.946309397359	0.9750113796718786	14.1	23:03
77.6%	388000	-62954.216025259346	61652.893349740654	297.82674058480734	0.9750113796718786	14.1	22:51
77.8%	389000	-63448.697470571846	61643.935341928154	298.98720296607473	0.9750113796718786	14.1	22:39
78.0%	390000	-62522.058798696846	62349.066201303154	298.4577712976744	0.9750113796718786	14.1	22:27
78.2%	391000	-63530.523642446846	61209.960732553154	298.1455236921656	0.9750113796718786	14.1	22:15
78.4%	392000	-63426.644736196846	61808.886513803154	299.32874829273186	0.9750113796718786	14.1	22:03
78.6%	393000	-64694.562704946846	59827.734170053154	297.6240279902969	0.9750113796718786	14.1	21:50
78.8%	394000	-63735.902548696846	59787.199013803154	295.23582490443675	0.9750113796718786	14.1	21:38
79.0%	395000	-61968.963095571846	63058.427529428154	298.8312658919446	0.9750113796718786	14.1	21:26
79.2%	396000	-64102.237509634346	60721.637490365654	298.3448378257143	0.9750113796718786	14.1	21:14
79.4%	397000	-63397.295126821846	61765.025185678154	299.15376489892594	0.9750113796718786	14.1	21:02
79.6%	398000	-63834.452353384346	59920.032021615654	295.7888590709451	0.9750113796718786	14.1	20:50
79.8%	399000	-64863.715048696846	59895.503701303154	298.1903012162662	0.9750113796718786	14.1	20:37
80.0%	400000	-62444.336142446846	62763.445107553154	299.2624222853902	0.9750113796718786	14.1	20:24
80.2%	401000	-62585.251181509346	63059.608193490654	300.3070942467461	0.9750113796718786	14.1	20:11
80.4%	402000	-60823.866415884346	63979.828896615654	298.29660582206463	0.9750113796718786	14.1	19:58
80.6%	403000	-61686.469931509346	63258.467568490654	298.63419250188724	0.9750113796718786	14.1	19:44
80.8%	404000	-62337.553915884346	63744.086709115654	301.3510566393297	0.9750113796718786	14.2	19:31
81.0%	405000	-61655.147665884346	63412.477334115654	298.927431133445	0.9750113796718786	14.2	19:18
81.2%	406000	-60197.729697134346	66084.65311536565	301.83085583939834	0.9750113796718786	14.2	19:05
81.4%	407000	-61469.587119009346	64486.951943490654	301.0520480932819	0.9750113796718786	14.2	18:52
81.6%	408000	-60554.633994009346	64502.639443490654	298.9026895907289	0.9750113796718786	14.2	18:39
81.8%	409000	-59781.044150259346	65712.00272474065	299.9442431840594	0.9750113796718786	14.2	18:26
82.0%	410000	-58708.582236196846	65247.206826303154	296.2700027171085	0.9750113796718786	14.2	18:13
82.2%	411000	-58876.474814321846	65490.618935678154	297.25307290531686	0.9750113796718786	14.2	18:00
82.4%	412000	-60554.038290884346	64704.367959115654	299.3834224339189	0.9750113796718786	14.2	17:47
82.6%	413000	-60590.006064321846	64863.103310678154	299.84878751133124	0.9750113796718786	14.2	17:34
82.8%	414000	-59583.853720571846	64935.013466928154	297.61583060369134	0.9750113796718786	14.3	17:22
83.0%	415000	-60823.528525259346	65068.705849740654	300.8983517626431	0.9750113796718786	14.3	17:09
83.2%	416000	-61745.371298696846	63449.113076303154	299.23064107353895	0.9750113796718786	14.3	16:56
83.4%	417000	-62399.653525259346	62759.533974740654	299.1462770810926	0.9750113796718786	14.3	16:43
83.6%	418000	-61190.274619009346	63393.631630990654	297.77128218339834	0.9750113796718786	14.3	16:30
83.8%	419000	-60297.209189321846	65030.243935678154	299.5484531920511	0.9750113796718786	14.3	16:18
84.0%	420000	-61000.263876821846	63500.657998178154	297.5729390386959	0.9750113796718786	14.3	16:05
84.2%	421000	-61859.978720571846	63485.177529428154	299.59076589831125	0.9750113796718786	14.3	15:52
84.4%	422000	-60406.350790884346	64527.344521615654	298.6073222528544	0.9750113796718786	14.3	15:40
84.6%	423000	-60457.787314321846	64246.267373178154	298.05845213466733	0.9750113796718786	14.3	15:27
84.8%	424000	-61256.066611196846	63634.714638803154	298.50475221954144	0.9750113796718786	14.4	15:14
85.0%	425000	-61702.925009634346	62611.512490365654	297.12721781255703	0.9750113796718786	14.4	15:02
85.2%	426000	-61451.128134634346	62921.809365365654	297.26704020641245	0.9750113796718786	14.4	14:49
85.4%	427000	-61808.360556509346	61366.905068490654	294.4044530505875	0.9750113796718786	14.4	14:36
85.6%	428000	-60070.942587759346	64820.448037240654	298.50620870281074	0.9750113796718786	14.4	14:24
85.8%	429000	-60465.706259634346	64422.559365365654	298.4987395578398	0.9750113796718786	14.4	14:11
86.0%	430000	-59146.925009634346	65752.87967786565	298.5263193756449	0.9750113796718786	14.4	13:59
86.2%	431000	-58283.545126821846	66104.89237317815	297.30408716546816	0.9750113796718786	14.4	13:46
86.4%	432000	-57425.616415884346	67541.59452161565	298.68742883266736	0.9750113796718786	14.4	13:34
86.6%	433000	-59331.067587759346	64800.291787240654	296.6896379544365	0.9750113796718786	14.4	13:21
86.8%	434000	-59388.059775259346	66185.70584974065	300.13717119865794	0.9750113796718786	14.5	13:09
87.0%	435000	-57536.902548696846	67916.48807630315	299.84945973437857	0.9750113796718786	14.5	12:56
87.2%	436000	-58271.740439321846	67305.10331067815	300.1445283064543	0.9750113796718786	14.5	12:44
87.4%	437000	-57675.708212759346	67207.16678724065	298.485855282765	0.9750113796718786	14.5	12:31
87.6%	438000	-58139.944540884346	65865.03983411565	296.38758573181303	0.9750113796718786	14.5	12:19
87.8%	439000	-60577.934775259346	63743.283974740654	297.14342585714394	0.9750113796718786	14.5	12:06
88.0%	440000	-59142.167197134346	65551.76249036565	298.0342521049615	0.9750113796718786	14.5	11:54
88.2%	441000	-58874.056845571846	66216.93534192815	298.983281664965	0.9750113796718786	14.5	11:42
88.4%	442000	-59860.108603384346	64506.961709115654	297.25301688672954	0.9750113796718786	14.5	11:29
88.6%	443000	-60344.046103384346	65012.250771615654	299.6173934001325	0.9750113796718786	14.5	11:17
88.8%	444000	-61619.686728384346	63750.133584115654	299.64971612499414	0.9750113796718786	14.5	11:05
89.0%	445000	-61179.507040884346	64237.891396615654	299.7634338571762	0.9750113796718786	14.6	10:52
89.2%	446000	-60425.397665884346	65291.828896615654	300.48006097140984	0.9750113796718786	14.6	10:40
89.4%	447000	-60088.115439321846	65037.118935678154	299.06512482098367	0.9750113796718786	14.6	10:28
89.6%	448000	-58751.324423696846	66140.35526380315	298.5068995987205	0.9750113796718786	14.6	10:16
89.8%	449000	-59634.954306509346	65324.131630990654	298.66800905574297	0.9750113796718786	14.6	10:03
90.0%	450000	-57483.260947134346	67959.66092786565	299.82443809872603	0.9750113796718786	14.6	9:51
90.2%	451000	-56454.308798696846	67668.17557630315	296.6684255827191	0.9750113796718786	14.6	9:39
90.4%	452000	-57485.091025259346	67506.76834974065	298.7463417136254	0.9750113796718786	14.6	9:27
90.6%	453000	-58561.425009634346	66032.91874036565	297.7962291276012	0.9750113796718786	14.6	9:15
90.8%	454000	-57768.065634634346	66420.76249036565	296.8269955304514	0.9750113796718786	14.6	9:03
91.0%	455000	-57567.599814321846	67793.24393567815	299.6282610060652	0.9750113796718786	14.6	8:50
91.2%	456000	-58609.046103384346	66479.09452161565	298.976466070179	0.9750113796718786	14.7	8:38
91.4%	457000	-59139.053915884346	66415.08670911565	300.09026496824066	0.9750113796718786	14.7	8:26
91.6%	458000	-58121.011923696846	66791.26151380315	298.5561212640788	0.9750113796718786	14.7	8:14
91.8%	459000	-56418.114462759346	68637.40897474065	298.89850686954514	0.9750113796718786	14.7	8:02
92.0%	460000	-57022.903525259346	67182.36991224065	296.86630190586084	0.9750113796718786	14.7	7:50
92.2%	461000	-59222.369345571846	65630.64627942815	298.414487602568	0.9750113796718786	14.7	7:38
92.4%	462000	-57670.784384634346	67924.84842786565	300.1894365405919	0.9750113796718786	14.7	7:26
92.6%	463000	-57940.507040884346	67409.40702161565	299.6021376715295	0.9750113796718786	14.7	7:14
92.8%	464000	-57252.946494009346	67956.85038099065	299.2672398838964	0.9750113796718786	14.7	7:02
93.0%	465000	-56492.069540884346	67584.03983411565	296.5575834713509	0.9750113796718786	14.7	6:50
93.2%	466000	-58221.137900259346	66168.72147474065	297.30748562642987	0.9750113796718786	14.7	6:38
93.4%	467000	-59283.673056509346	65584.86600599065	298.45159058021096	0.9750113796718786	14.8	6:26
93.6%	468000	-59824.023642446846	64865.749795053154	298.02431814215026	0.9750113796718786	14.8	6:14
93.8%	469000	-58761.548056509346	66332.85819349065	298.99144170584566	0.9750113796718786	14.8	6:02
94.0%	470000	-59828.465048696846	64449.769326303154	297.04068776806906	0.9750113796718786	14.8	5:50
94.2%	471000	-59282.771689321846	65400.900185678154	298.00973463659454	0.9750113796718786	14.8	5:38
94.4%	472000	-58714.196494009346	65615.02225599065	297.16254686826943	0.9750113796718786	14.8	5:26
94.6%	473000	-58195.485556509346	66645.25663099065	298.3851525356948	0.9750113796718786	14.8	5:15
94.8%	474000	-59833.514853384346	64673.625771615654	297.587802637188	0.9750113796718786	14.8	5:03
95.0%	475000	-58971.948447134346	65836.37186536565	298.3076601566216	0.9750113796718786	14.8	4:51
95.2%	476000	-58028.421103384346	67891.13358411565	300.9636507625512	0.9750113796718786	14.8	4:39
95.4%	477000	-58427.346884634346	66927.10624036565	299.6129866045997	0.9750113796718786	14.8	4:27
95.6%	478000	-58981.276572134346	66490.95780286565	299.8944986785532	0.9750113796718786	14.8	4:16
95.8%	479000	-60944.160361196846	64480.933388803154	299.78182662666705	0.9750113796718786	14.9	4:04
96.0%	480000	-61188.216025259346	63112.924599740654	297.09543660070585	0.9750113796718786	14.9	3:52
96.2%	481000	-57858.754111196846	67199.76932630315	298.90567724871727	0.9750113796718786	14.9	3:40
96.4%	482000	-57920.786337759346	67602.49491224065	300.01650716165295	0.9750113796718786	14.9	3:29
96.6%	483000	-60142.317587759346	64711.041787240654	298.41530920851477	0.9750113796718786	14.9	3:17
96.8%	484000	-59265.467978384346	65073.133584115654	297.18497297604455	0.9750113796718786	14.9	3:05
97.0%	485000	-57733.259970571846	66550.20877942815	297.05319858589536	0.9750113796718786	14.9	2:53
97.2%	486000	-59724.789267446846	64432.429482553154	296.7514451290707	0.9750113796718786	14.9	2:42
97.4%	487000	-59316.068564321846	66238.53299817815	300.0913666671239	0.9750113796718786	14.9	2:30
97.6%	488000	-60152.044150259346	65008.002724740654	299.1483310959596	0.9750113796718786	14.9	2:18
97.8%	489000	-60565.495322134346	64524.809365365654	298.98163845307135	0.9750113796718786	14.9	2:07
98.0%	490000	-60426.684775259346	63655.791787240654	296.57280185422906	0.9750113796718786	14.9	1:55
98.2%	491000	-60759.969931509346	63891.576943490654	297.9329518262937	0.9750113796718786	15	1:44
98.4%	492000	-61596.508017446846	62296.695107553154	296.1204144162037	0.9750113796718786	15	1:32
98.6%	493000	-61750.044150259346	63160.533974740654	298.5520692529321	0.9750113796718786	15	1:20
98.8%	494000	-59359.428915884346	65215.508584115654	297.74984573733184	0.9750113796718786	15	1:09
99.0%	495000	-60082.956259634346	64937.621865365654	298.81498315590807	0.9750113796718786	15	0:57
99.2%	496000	-60430.916220571846	64498.857216928154	298.59794847591587	0.9750113796718786	15	0:46
99.4%	497000	-62372.978720571846	63787.240029428154	301.53886828962317	0.9750113796718786	15	0:34
99.6%	498000	-63238.318564321846	62793.884560678154	301.23289476588997	0.9750113796718786	15	0:23
99.8%	499000	-61652.926962759346	64196.213662240654	300.79535225349423	0.9750113796718786	15	0:11
100.0%	500000	-60429.508994009346	64059.983193490654	297.54562064096484	0.9750113796718786	15	0:00
