#"Progress (%)"	"Step"	"Potential Energy (kJ/mole)"	"Total Energy (kJ/mole)"	"Temperature (K)"	"Density (g/mL)"	"Speed (ns/day)"	"Time Remaining"
0.2%	1000	-46343.718685809756	11278.851626690244	256.88136087695784	0.955808202767729	0	--
0.4%	2000	-34690.935482684756	30061.877017315244	288.6679734243326	0.955808202767729	52.4	27:23
0.6%	3000	-34809.692318622256	32317.198306377744	299.25161133341635	0.955808202767729	52	27:31
0.8%	4000	-34935.751888934756	31803.466861065244	297.523370502026	0.955808202767729	52.5	27:11
1.0%	5000	-36311.706478778506	31013.926333721494	300.1376038067092	0.955808202767729	52.3	27:14
1.2%	6000	-38152.023373309756	28477.390689190244	297.03386131486724	0.955808202767729	52.2	27:15
1.4%	7000	-38519.905209247256	28053.399478252744	296.7837257771814	0.955808202767729	52	27:18
1.6%	8000	-38564.283138934756	28178.584048565244	297.53963523275553	0.955808202767729	51.8	27:20
1.8%	9000	-39087.828060809756	27251.429751690244	295.74034504228985	0.955808202767729	51.6	27:23
2.0%	10000	-40332.372982684756	26209.548892315244	296.643821230414	0.955808202767729	51.7	27:16
2.2%	11000	-40278.533138934756	26838.740298565244	299.20873792115077	0.955808202767729	51.6	27:18
2.4%	12000	-41148.918881122256	25721.432681377744	298.1079604491238	0.955808202767729	51.5	27:18
2.6%	13000	-41106.955013934756	26149.779361065244	299.83045464117714	0.955808202767729	51.3	27:20
2.8%	14000	-42128.063900653506	25043.732974346494	299.4518033510462	0.955808202767729	51	27:27
3.0%	15000	-41907.936459247256	25665.594790752744	301.24273479338535	0.955808202767729	50.5	27:39
3.2%	16000	-42040.748959247256	25631.586978252744	301.68320599153526	0.955808202767729	50.4	27:38
3.4%	17000	-43051.965756122256	24420.049868877744	300.79017823856924	0.955808202767729	50.2	27:41
3.6%	18000	-42456.250912372256	24372.983462627744	297.92466006833286	0.955808202767729	50.2	27:40
3.8%	19000	-43457.066342059756	23434.589907940244	298.20293672471126	0.955808202767729	50.1	27:39
4.0%	20000	-44385.367123309756	23090.836001690244	300.80884610938506	0.955808202767729	50	27:40
4.2%	21000	-45098.216732684756	21756.236392315244	298.03708523063443	0.955808202767729	49.9	27:40
4.4%	22000	-45059.842709247256	22282.547915752744	300.2123101180899	0.955808202767729	49.9	27:36
4.6%	23000	-47034.967709247256	19568.524478252744	296.91830162201825	0.955808202767729	49.8	27:35
4.8%	24000	-46425.455990497256	20937.387759502744	300.30349012890315	0.955808202767729	49.7	27:35
5.0%	25000	-46768.856381122256	20846.221743877744	301.42795072062194	0.955808202767729	49.6	27:35
5.2%	26000	-47491.233334247256	20256.922915752744	302.021212868901	0.955808202767729	49.5	27:34
5.4%	27000	-48244.341732684756	19092.431704815244	300.1872687018275	0.955808202767729	49.4	27:34
5.6%	28000	-47642.356869403506	19386.643130596494	298.8152150249781	0.955808202767729	49.4	27:31
5.8%	29000	-47769.691342059756	19382.964907940244	299.36647446392146	0.955808202767729	49.3	27:30
6.0%	30000	-46556.175717059756	21053.058657940244	301.401899288961	0.955808202767729	49.2	27:30
6.2%	31000	-48356.801693622256	19006.245181377744	300.3043956599502	0.955808202767729	49.1	27:30
6.4%	32000	-47998.468197528506	19705.750552471494	301.82533953780313	0.955808202767729	49	27:30
6.6%	33000	-49252.836849872256	17891.194400127744	299.32802422253945	0.955808202767729	48.8	27:32
6.8%	34000	-48742.737240497256	18102.551822002744	297.99623184916607	0.955808202767729	48.8	27:31
7.0%	35000	-48234.406674091006	18785.663638408994	298.77540648702563	0.955808202767729	48.7	27:30
7.2%	36000	-50738.788021747256	16340.868228252744	299.0410405368626	0.955808202767729	48.6	27:29
7.4%	37000	-50462.140072528506	16733.969302471494	299.56018845175333	0.955808202767729	48.5	27:29
7.6%	38000	-50996.822201434756	16491.052798565244	300.8608793164727	0.955808202767729	48.4	27:28
7.8%	39000	-49584.493099872256	17408.772525127744	298.6559112169337	0.955808202767729	48.3	27:28
8.0%	40000	-50521.175717059756	16639.628970440244	299.40280019015455	0.955808202767729	48.2	27:27
8.2%	41000	-51263.255795184756	16256.423892315244	301.0026645815685	0.955808202767729	48.2	27:27
8.4%	42000	-50532.275326434756	16441.201236065244	298.56769159608183	0.955808202767729	48.1	27:26
8.6%	43000	-50700.457943622256	17050.338931377744	302.0329847725125	0.955808202767729	48	27:25
8.8%	44000	-49875.148373309756	16651.945376690244	296.57771746398015	0.955808202767729	47.9	27:24
9.0%	45000	-50547.915463153506	16283.092349346494	297.9325660509358	0.955808202767729	47.9	27:22
9.2%	46000	-51264.220638934756	15771.060611065244	298.8432168312019	0.955808202767729	47.8	27:20
9.4%	47000	-49946.672787372256	17274.342837627744	299.6712204893671	0.955808202767729	47.7	27:19
9.6%	48000	-48980.207943622256	18177.612368877744	299.3894958493865	0.955808202767729	47.7	27:18
9.8%	49000	-50338.188412372256	17096.452212627744	300.6235605259142	0.955808202767729	47.6	27:16
10.0%	50000	-51392.201107684756	16031.111392315244	300.57305975598314	0.955808202767729	47.6	27:14
10.2%	51000	-51480.748470966006	16616.407779033994	303.577054520182	0.955808202767729	47.5	27:13
10.4%	52000	-50816.752865497256	15560.497134502744	295.90971417620324	0.955808202767729	47.5	27:10
10.6%	53000	-51768.109310809756	15465.390689190244	299.72687582064276	0.955808202767729	47.4	27:08
10.8%	54000	-51176.493099872256	16241.170962627744	300.547879027252	0.955808202767729	47.4	27:07
11.0%	55000	-51744.927670184756	15057.697329815244	297.8060355011708	0.955808202767729	47.3	27:05
11.2%	56000	-52124.139095966006	15711.282779033994	302.4102429379557	0.955808202767729	47.3	27:03
11.4%	57000	-51256.565365497256	16060.747134502744	300.1005118618978	0.955808202767729	47.2	27:02
11.6%	58000	-51159.083920184756	15837.673892315244	298.6714793853193	0.955808202767729	47.2	26:59
11.8%	59000	-51065.110775653506	15521.576724346494	296.84338634193443	0.955808202767729	47.1	26:58
12.0%	60000	-51425.703060809756	15371.656314190244	297.78256135018216	0.955808202767729	47	26:56
12.2%	61000	-50178.448177997256	16504.926822002744	297.27441912032475	0.955808202767729	47	26:54
12.4%	62000	-49794.133724872256	16334.163150127744	294.7998813937059	0.955808202767729	46.9	26:52
12.6%	63000	-50857.377865497256	15924.090884502744	297.71172095981	0.955808202767729	46.9	26:50
12.8%	64000	-49781.031185809756	17113.648501690244	298.2164152060652	0.955808202767729	46.9	26:47
13.0%	65000	-50050.757748309756	17058.812564190244	299.17439739759766	0.955808202767729	46.8	26:44
13.2%	66000	-49603.762631122256	17488.963931377744	299.09930797692783	0.955808202767729	46.8	26:42
13.4%	67000	-48899.252865497256	17472.169009502744	295.8837324007767	0.955808202767729	46.7	26:40
13.6%	68000	-49768.270443622256	17177.635806377744	298.44478317050493	0.955808202767729	46.7	26:38
13.8%	69000	-49820.625912372256	17098.592837627744	298.3258103221709	0.955808202767729	46.7	26:36
14.0%	70000	-50083.852963153506	17081.553286846494	299.42331395118174	0.955808202767729	46.6	26:33
14.2%	71000	-49333.214779559756	17984.496157940244	300.10228809587466	0.955808202767729	46.6	26:30
14.4%	72000	-47973.597592059756	18685.847720440244	297.1677405973602	0.955808202767729	46.6	26:28
14.6%	73000	-48773.040463153506	18143.365786846494	298.31327219998116	0.955808202767729	46.5	26:25
14.8%	74000	-49200.095638934756	17193.232486065244	295.98139044138804	0.955808202767729	46.5	26:23
15.0%	75000	-49969.490170184756	17327.478579815244	300.00981944472517	0.955808202767729	46.4	26:21
15.2%	76000	-48861.523373309756	17772.867251690244	297.0560468255197	0.955808202767729	46.4	26:19
15.4%	77000	-49437.747982684756	17471.595767315244	298.281787582038	0.955808202767729	46.3	26:17
15.6%	78000	-48858.049740497256	17934.754947002744	297.7622565578582	0.955808202767729	46.3	26:16
15.8%	79000	-47848.261166278506	18885.387271221494	297.4985380544668	0.955808202767729	46.2	26:15
16.0%	80000	-47058.725521747256	19647.266665752744	297.3752465196008	0.955808202767729	46.1	26:14
16.2%	81000	-47499.514095966006	19341.032779033994	297.9750911820295	0.955808202767729	46	26:13
16.4%	82000	-48266.171810809756	18251.234439190244	296.53453059865984	0.955808202767729	45.9	26:12
16.6%	83000	-47704.404232684756	20224.158267315244	302.82546375114	0.955808202767729	45.8	26:11
16.8%	84000	-47649.778256122256	19800.784243877744	300.6945402287551	0.955808202767729	45.8	26:11
17.0%	85000	-48868.626888934756	18424.154361065244	299.9911515739093	0.955808202767729	45.7	26:09
17.2%	86000	-47057.009213153506	19622.100161846494	297.25540296833697	0.955808202767729	45.6	26:08
17.4%	87000	-47585.148373309756	19294.867251690244	298.1510428300925	0.955808202767729	45.5	26:07
17.6%	88000	-47610.670345966006	18885.626529033994	296.4404250260023	0.955808202767729	45.5	26:06
17.8%	89000	-47388.981381122256	18978.276431377744	295.86516901431236	0.955808202767729	45.4	26:05
18.0%	90000	-46808.660092059756	20450.668032940244	299.8420175760855	0.955808202767729	45.3	26:04
18.2%	91000	-45773.805599872256	21098.436587627744	298.1163888534847	0.955808202767729	45.2	26:02
18.4%	92000	-45188.426693622256	22157.917056377744	300.2299331453899	0.955808202767729	45.2	26:01
18.6%	93000	-45090.326107684756	22141.783267315244	299.72067641578224	0.955808202767729	45.1	25:59
18.8%	94000	-45402.449154559756	21488.910220440244	298.2016132562579	0.955808202767729	45.1	25:57
19.0%	95000	-45998.904720966006	21475.876529033994	300.8025073920558	0.955808202767729	45	25:54
19.2%	96000	-45739.951107684756	20903.939517315244	297.0983978160274	0.955808202767729	45	25:52
19.4%	97000	-44101.734799091006	22357.241763408994	296.2740511101675	0.955808202767729	44.9	25:50
19.6%	98000	-45062.810482684756	21859.189517315244	298.3382091318919	0.955808202767729	44.9	25:47
19.8%	99000	-45981.770443622256	21142.667056377744	299.24067530461747	0.955808202767729	44.8	25:46
20.0%	100000	-44750.502865497256	22180.301822002744	298.37746041996934	0.955808202767729	44.8	25:44
20.2%	101000	-44770.643490497256	21883.794009502744	297.145415774239	0.955808202767729	44.7	25:42
20.4%	102000	-44693.102474872256	21668.428775127744	295.8396400044093	0.955808202767729	44.6	25:40
20.6%	103000	-45091.252865497256	21821.278384502744	298.29599745385303	0.955808202767729	44.6	25:37
20.8%	104000	-43869.147885028506	23063.602114971494	298.3861326211506	0.955808202767729	44.6	25:35
21.0%	105000	-43931.107357684756	22995.986392315244	298.36091706430227	0.955808202767729	44.5	25:33
21.2%	106000	-42128.614193622256	25008.104556377744	299.29542510484606	0.955808202767729	44.5	25:30
21.4%	107000	-42567.654232684756	24600.314517315244	299.43473757362125	0.955808202767729	44.5	25:26
21.6%	108000	-42763.239193622256	25091.706118877744	302.49727840282293	0.955808202767729	44.4	25:24
21.8%	109000	-42108.627377216006	24587.138247783994	297.32965651419414	0.955808202767729	44.4	25:21
22.0%	110000	-42573.315365497256	25041.137759502744	301.42516447124643	0.955808202767729	44.4	25:18
22.2%	111000	-42942.497982684756	24071.392642315244	298.7478574463253	0.955808202767729	44.3	25:16
22.4%	112000	-42966.625912372256	23659.889712627744	297.0209400833884	0.955808202767729	44.1	25:19
22.6%	113000	-42827.755795184756	24588.728579815244	300.54261998155573	0.955808202767729	44	25:21
22.8%	114000	-42375.505306903506	24720.807193096494	299.1152940827198	0.955808202767729	43.8	25:24
23.0%	115000	-43100.294857684756	23869.642642315244	298.55191445899305	0.955808202767729	43.6	25:27
23.2%	116000	-41969.382748309756	25233.976626690244	299.5925089445091	0.955808202767729	43.4	25:29
23.4%	117000	-42609.326107684756	24618.689517315244	299.70242648237274	0.955808202767729	43.2	25:32
23.6%	118000	-42640.474545184756	24368.509829815244	298.72598538872757	0.955808202767729	43	25:34
23.8%	119000	-42024.693295184756	24612.244204815244	297.0674007917249	0.955808202767729	42.8	25:37
24.0%	120000	-42177.014095966006	25183.603091533994	300.29356411550293	0.955808202767729	42.7	25:39
24.2%	121000	-41936.967709247256	24813.454165752744	297.5733140220819	0.955808202767729	42.5	25:41
24.4%	122000	-42852.223568622256	24705.221743877744	301.17102370008337	0.955808202767729	42.3	25:43
24.6%	123000	-43159.198177997256	24097.161197002744	299.8287828915518	0.955808202767729	42.2	25:45
24.8%	124000	-41068.759701434756	25999.959048565244	298.9922811727913	0.955808202767729	42	25:47
25.0%	125000	-42932.699154559756	24498.425845440244	300.60788787317694	0.955808202767729	41.8	25:48
25.2%	126000	-42530.924740497256	24580.059634502744	299.1807012868097	0.955808202767729	41.7	25:50
25.4%	127000	-43158.425717059756	23591.386782940244	297.57059742894074	0.955808202767729	41.5	25:51
25.6%	128000	-42150.475521747256	24761.618228252744	298.2940470792902	0.955808202767729	41.4	25:53
25.8%	129000	-42929.583920184756	24607.189517315244	301.07886850198855	0.955808202767729	41.2	25:54
26.0%	130000	-41640.766537372256	25566.405337627744	299.60950506569975	0.955808202767729	41.1	25:55
26.2%	131000	-41909.332943622256	24880.479556377744	297.748917388973	0.955808202767729	41	25:56
26.4%	132000	-42539.795834247256	24791.297915752744	300.1619486606276	0.955808202767729	40.8	25:58
26.6%	133000	-41778.305599872256	25084.342837627744	298.0736199255707	0.955808202767729	40.7	25:59
26.8%	134000	-41759.661068622256	25593.667056377744	300.26106948216113	0.955808202767729	40.5	26:00
27.0%	135000	-42309.071713153506	24981.326724346494	299.9805289981652	0.955808202767729	40.4	26:00
27.2%	136000	-40565.175717059756	26950.253970440244	300.98371808581516	0.955808202767729	40.3	26:01
27.4%	137000	-41395.510677997256	25512.958072002744	298.27788683291226	0.955808202767729	40.1	26:02
27.6%	138000	-41985.952084247256	25492.266665752744	300.8178317636211	0.955808202767729	40	26:03
27.8%	139000	-42526.078060809756	24606.984439190244	299.27912554599936	0.955808202767729	39.9	26:03
28.0%	140000	-42092.845638934756	25160.388736065244	299.8148516446743	0.955808202767729	39.8	26:03
28.2%	141000	-41551.608334247256	25630.165103252744	299.4962788567027	0.955808202767729	39.7	26:02
28.4%	142000	-40680.231381122256	25936.510806377744	296.97737010877887	0.955808202767729	39.6	26:02
28.6%	143000	-39273.564388934756	27951.810611065244	299.69065457876127	0.955808202767729	39.5	26:02
28.8%	144000	-40871.461849872256	25941.991275127744	297.8543072716014	0.955808202767729	39.4	26:01
29.0%	145000	-41086.872982684756	25842.017642315244	298.3689275312569	0.955808202767729	39.3	26:00
29.2%	146000	-41986.085873309756	25546.695376690244	301.06107133410256	0.955808202767729	39.2	26:00
29.4%	147000	-41765.235287372256	25747.835025127744	300.9731999944226	0.955808202767729	39.1	25:59
29.6%	148000	-40391.473568622256	27241.026431377744	301.5056174219641	0.955808202767729	39	25:58
29.8%	149000	-42246.268490497256	25882.231509502744	303.7167849263635	0.955808202767729	38.9	25:57
30.0%	150000	-41684.684506122256	25409.143618877744	299.10421874145214	0.955808202767729	38.8	25:56
30.2%	151000	-41985.567318622256	24968.940493877744	298.4831289275353	0.955808202767729	38.8	25:56
30.4%	152000	-42153.407162372256	25418.475650127744	301.23538606065745	0.955808202767729	38.7	25:55
30.6%	153000	-41681.241146747256	25664.383853252744	300.2267289586081	0.955808202767729	38.6	25:54
30.8%	154000	-40653.765560809756	26480.414126690244	299.2841059667581	0.955808202767729	38.5	25:54
31.0%	155000	-41238.011654559756	25101.339907940244	295.74076297969617	0.955808202767729	38.4	25:53
31.2%	156000	-40905.165951434756	26443.482486065244	300.24020743996203	0.955808202767729	38.3	25:52
31.4%	157000	-41226.187435809756	25932.906314190244	299.3951728324891	0.955808202767729	38.2	25:51
31.6%	158000	-41651.287045184756	25487.650454815244	299.30531629012916	0.955808202767729	38.1	25:50
31.8%	159000	-42364.848568622256	24295.151431377744	297.1702133936809	0.955808202767729	38	25:48
32.0%	160000	-41946.733822528506	25879.297427471494	302.3683795410887	0.955808202767729	38	25:47
32.2%	161000	-42871.840267841006	23603.839419658994	296.3485136247278	0.955808202767729	37.9	25:46
32.4%	162000	-43006.940365497256	24291.395572002744	300.01591436523404	0.955808202767729	37.8	25:45
32.6%	163000	-42303.822201434756	24698.060611065244	298.6943266301985	0.955808202767729	37.7	25:44
32.8%	164000	-41823.762142841006	25252.972232158994	299.0280148210321	0.955808202767729	37.6	25:43
33.0%	165000	-41427.979427997256	25405.879947002744	297.9452783137116	0.955808202767729	37.5	25:42
33.2%	166000	-42908.922787372256	24189.342837627744	299.1240011120183	0.955808202767729	37.5	25:40
33.4%	167000	-43115.039974872256	23421.952212627744	296.6218446884647	0.955808202767729	37.4	25:39
33.6%	168000	-42743.650326434756	24340.974673565244	299.0631912193979	0.955808202767729	37.3	25:38
33.8%	169000	-41025.529232684756	25662.095767315244	297.2933656160782	0.955808202767729	37.2	25:37
34.0%	170000	-42487.250424091006	25172.655825908994	301.6277944570799	0.955808202767729	37.1	25:35
34.2%	171000	-42215.747982684756	24794.955142315244	298.73364757451026	0.955808202767729	37.1	25:34
34.4%	172000	-42450.800717059756	24084.113345440244	296.6125804092912	0.955808202767729	37	25:32
34.6%	173000	-43082.087338153506	24158.240786846494	299.7573155950701	0.955808202767729	36.9	25:31
34.8%	174000	-41678.073177997256	25359.926822002744	298.8553370159853	0.955808202767729	36.8	25:29
35.0%	175000	-41722.628842059756	25151.394595440244	298.1243296642049	0.955808202767729	36.8	25:28
35.2%	176000	-41956.682552997256	24891.911197002744	298.0109641427391	0.955808202767729	36.7	25:26
35.4%	177000	-41828.057552997256	25159.325259502744	298.6296856446868	0.955808202767729	36.6	25:24
35.6%	178000	-40849.006771747256	25467.204165752744	295.6376020965681	0.955808202767729	36.5	25:22
35.8%	179000	-41424.205990497256	25662.278384502744	299.07148031129	0.955808202767729	36.5	25:21
36.0%	180000	-41399.517513934756	25697.357486065244	299.11780170715775	0.955808202767729	36.4	25:19
36.2%	181000	-41118.568295184756	26183.939517315244	300.03451257981556	0.955808202767729	36.3	25:17
36.4%	182000	-43002.278256122256	24081.760806377744	299.06057911060833	0.955808202767729	36.3	25:15
36.6%	183000	-40975.467220966006	26425.087466533994	300.4716054505976	0.955808202767729	36.2	25:13
36.8%	184000	-42336.577084247256	24491.407290752744	297.91908756958185	0.955808202767729	36.1	25:11
37.0%	185000	-42423.362240497256	24098.340884502744	296.55368606311646	0.955808202767729	36.1	25:09
37.2%	186000	-42410.206478778506	24795.731021221494	299.60400222318304	0.955808202767729	36	25:06
37.4%	187000	-41658.231381122256	25226.823306377744	298.1735069656825	0.955808202767729	35.9	25:04
37.6%	188000	-42597.806576434756	24235.115298565244	297.9410989396483	0.955808202767729	35.9	25:02
37.8%	189000	-42138.207943622256	24851.120181377744	298.63835784586803	0.955808202767729	35.8	25:00
38.0%	190000	-41016.119076434756	25470.209048565244	296.395984348463	0.955808202767729	35.8	24:57
38.2%	191000	-41335.394467059756	26122.636782940244	300.7278359087923	0.955808202767729	35.7	24:55
38.4%	192000	-42197.753842059756	25277.800845440244	300.805955375658	0.955808202767729	35.6	24:52
38.6%	193000	-41627.049740497256	25254.153384502744	298.15633670390594	0.955808202767729	35.6	24:50
38.8%	194000	-41836.689388934756	25867.341861065244	301.8245036629905	0.955808202767729	35.5	24:48
39.0%	195000	-41376.562924091006	25638.015200908994	298.7509223206384	0.955808202767729	35.5	24:45
39.2%	196000	-40123.528256122256	26944.706118877744	298.9901218295253	0.955808202767729	35.4	24:42
39.4%	197000	-40865.887631122256	26017.752993877744	298.16720307647046	0.955808202767729	35.4	24:40
39.6%	198000	-40886.238217059756	26078.894595440244	298.53049516691885	0.955808202767729	35.3	24:37
39.8%	199000	-41555.565365497256	25800.715884502744	300.2742345104604	0.955808202767729	35.3	24:34
40.0%	200000	-41361.330013934756	26072.498111065244	300.61993840172596	0.955808202767729	35.2	24:32
40.2%	201000	-40805.865170184756	25914.462954815244	297.4391561146514	0.955808202767729	35.2	24:29
40.4%	202000	-41175.644955341006	26210.808169658994	300.40874069906283	0.955808202767729	35.1	24:26
40.6%	203000	-42557.713314716006	24192.169497783994	297.5709108819955	0.955808202767729	35.1	24:23
40.8%	204000	-42800.629818622256	23902.526431377744	297.36260391305944	0.955808202767729	35	24:21
41.0%	205000	-41431.735287372256	24619.116275127744	294.4546302679638	0.955808202767729	35	24:18
41.2%	206000	-40157.347592059756	26972.621157940244	299.2653336115906	0.955808202767729	34.9	24:15
41.4%	207000	-41263.825131122256	25586.815493877744	298.02008910944386	0.955808202767729	34.9	24:12
41.6%	208000	-42604.694271747256	24037.836978252744	297.09233772363564	0.955808202767729	34.8	24:09
41.8%	209000	-42506.163998309756	24211.117251690244	297.4255731489458	0.955808202767729	34.8	24:06
42.0%	210000	-41933.413998309756	25252.921939190244	299.5166184771438	0.955808202767729	34.7	24:03
42.2%	211000	-41406.307552997256	25590.989322002744	298.67388252540565	0.955808202767729	34.7	24:00
42.4%	212000	-41923.853451434756	25095.935611065244	298.7741526748066	0.955808202767729	34.6	23:56
42.6%	213000	-42284.760677997256	24787.208072002744	299.0067696695439	0.955808202767729	34.6	23:53
42.8%	214000	-41476.570248309756	25626.086001690244	299.14357451388116	0.955808202767729	34.5	23:50
43.0%	215000	-40529.427181903506	26753.166568096494	299.9457357090886	0.955808202767729	34.5	23:47
43.2%	216000	-41784.041927997256	25008.473697002744	297.76096791752207	0.955808202767729	34.5	23:44
43.4%	217000	-41159.651302997256	25147.825259502744	295.59866426154554	0.955808202767729	34.4	23:40
43.6%	218000	-40344.373470966006	26006.157779033994	295.79060201540045	0.955808202767729	34.4	23:37
43.8%	219000	-40144.084408466006	26921.564029033994	298.97859372273416	0.955808202767729	34.3	23:34
44.0%	220000	-40538.154720966006	26491.415591533994	298.81775747753323	0.955808202767729	34.3	23:30
44.2%	221000	-41518.208920184756	25490.900454815244	298.7265426386027	0.955808202767729	34.3	23:27
44.4%	222000	-41432.426693622256	24706.456118877744	294.8470734925035	0.955808202767729	34.2	23:23
44.6%	223000	-41675.651791278506	25424.934146221494	299.1343450628248	0.955808202767729	34.2	23:20
44.8%	224000	-41350.740658466006	25745.415591533994	299.1145975203759	0.955808202767729	34.1	23:17
45.0%	225000	-40559.128842059756	26841.464907940244	300.4717795911836	0.955808202767729	34.1	23:13
45.2%	226000	-41164.597592059756	26291.886782940244	300.720939941588	0.955808202767729	34.1	23:10
45.4%	227000	-41783.502865497256	25933.762759502744	301.88350249351674	0.955808202767729	34	23:06
45.6%	228000	-41569.997006122256	25719.807681377744	299.9778820612584	0.955808202767729	34	23:02
45.8%	229000	-42237.306576434756	24169.724673565244	296.042478958946	0.955808202767729	33.9	22:59
46.0%	230000	-41537.661068622256	24968.901431377744	296.48618917199485	0.955808202767729	33.9	22:55
46.2%	231000	-41473.077572528506	25947.930239971494	300.56278546141095	0.955808202767729	33.9	22:52
46.4%	232000	-42195.778744403506	24851.799380596494	298.8980362876649	0.955808202767729	33.8	22:48
46.6%	233000	-41548.734310809756	24891.031314190244	296.188408769988	0.955808202767729	33.8	22:44
46.8%	234000	-40905.293392841006	26457.269107158994	300.30223631668423	0.955808202767729	33.8	22:40
47.0%	235000	-41149.515560809756	25968.921939190244	299.21392731061263	0.955808202767729	33.7	22:37
47.2%	236000	-40223.796810809756	27422.961001690244	301.5691787358428	0.955808202767729	33.7	22:33
47.4%	237000	-41161.147396747256	25777.508853252744	298.4124626777491	0.955808202767729	33.7	22:29
47.6%	238000	-41865.532162372256	25526.124087627744	300.4319362251139	0.955808202767729	33.6	22:25
47.8%	239000	-41278.000912372256	26241.342837627744	301.00116697252923	0.955808202767729	33.6	22:22
48.0%	240000	-41462.944271747256	25682.180728252744	299.3329001589466	0.955808202767729	33.6	22:18
48.2%	241000	-40904.412045184756	26168.517642315244	299.0110535279588	0.955808202767729	33.5	22:14
48.4%	242000	-41954.617123309756	25127.429751690244	299.05169794072395	0.955808202767729	33.5	22:10
48.6%	243000	-42006.301205341006	25950.690982158994	302.9522032696082	0.955808202767729	33.5	22:06
48.8%	244000	-41454.250912372256	25462.389712627744	298.314317043497	0.955808202767729	33.4	22:02
49.0%	245000	-41274.904720966006	25350.970279033994	297.01808417777846	0.955808202767729	33.4	21:58
49.2%	246000	-42238.964291278506	24835.910708721494	299.01972572914	0.955808202767729	33.4	21:54
49.4%	247000	-42096.955990497256	24312.044009502744	296.05125564447883	0.955808202767729	33.4	21:50
49.6%	248000	-42507.399349872256	25019.241275127744	301.0336964339882	0.955808202767729	33.3	21:46
49.8%	249000	-41736.740658466006	25581.993716533994	300.10685057922706	0.955808202767729	33.3	21:42
50.0%	250000	-41826.290463153506	25629.553286846494	300.7180840359781	0.955808202767729	33.3	21:38
50.2%	251000	-42742.117123309756	23628.226626690244	295.878926120604	0.955808202767729	33.2	21:34
50.4%	252000	-42320.990170184756	24250.978579815244	296.7777701691413	0.955808202767729	33.2	21:30
50.6%	253000	-41606.943295184756	24922.853579815244	296.58976799252923	0.955808202767729	33.2	21:26
50.8%	254000	-42302.794857684756	24733.103579815244	298.84596825246024	0.955808202767729	33.2	21:22
51.0%	255000	-42561.941342059756	24181.558657940244	297.54245631024816	0.955808202767729	33.1	21:18
51.2%	256000	-42363.738217059756	24461.511782940244	297.906897728564	0.955808202767729	33.1	21:13
51.4%	257000	-42635.698177997256	24505.754947002744	299.31653094386553	0.955808202767729	33.1	21:09
51.6%	258000	-42906.974545184756	23878.962954815244	297.73164264284486	0.955808202767729	33	21:05
51.8%	259000	-43244.598568622256	23943.229556377744	299.52327064752785	0.955808202767729	33	21:01
52.0%	260000	-41697.345150653506	24977.982974346494	297.23854615961517	0.955808202767729	33	20:56
52.2%	261000	-42058.906185809756	24670.296939190244	297.47872085578354	0.955808202767729	33	20:52
52.4%	262000	-42366.478451434756	24788.466861065244	299.3766791022592	0.955808202767729	32.9	20:48
52.6%	263000	-43012.980892841006	24442.683169658994	300.71728298928264	0.955808202767729	32.9	20:44
52.8%	264000	-43883.565365497256	23242.161197002744	299.2464219439544	0.955808202767729	32.9	20:39
53.0%	265000	-42909.131283466006	24299.915591533994	299.6178638138262	0.955808202767729	32.9	20:35
53.2%	266000	-43395.832943622256	22462.042056377744	293.59434094516	0.955808202767729	32.8	20:31
53.4%	267000	-43682.671810809756	23149.289126690244	297.9368150812335	0.955808202767729	32.8	20:27
53.6%	268000	-42092.664974872256	24614.663150127744	297.3812021276409	0.955808202767729	32.8	20:22
53.8%	269000	-41114.505795184756	25003.494204815244	294.7539779352445	0.955808202767729	32.8	20:18
54.0%	270000	-42117.334896747256	25090.196353252744	299.61110715909064	0.955808202767729	32.7	20:13
54.2%	271000	-41795.753842059756	25474.277407940244	299.88973209664096	0.955808202767729	32.7	20:09
54.4%	272000	-42331.103451434756	24593.880923565244	298.35151347266	0.955808202767729	32.7	20:05
54.6%	273000	-42529.760677997256	24624.840884502744	299.37514666510265	0.955808202767729	32.7	20:00
54.8%	274000	-42406.716732684756	24527.986392315244	298.39483965044906	0.955808202767729	32.6	19:56
55.0%	275000	-41765.741146747256	25041.735415752744	297.82766376194814	0.955808202767729	32.6	19:51
55.2%	276000	-42731.286068622256	24907.870181377744	301.5352909778132	0.955808202767729	32.6	19:47
55.4%	277000	-42670.182552997256	24538.208072002744	299.6149382519819	0.955808202767729	32.6	19:42
55.6%	278000	-43758.415951434756	22990.326236065244	297.56582597688526	0.955808202767729	32.6	19:38
55.8%	279000	-44039.171810809756	22499.250064190244	296.6282182339112	0.955808202767729	32.5	19:33
56.0%	280000	-44674.283138934756	22403.349673565244	299.0320200545095	0.955808202767729	32.5	19:29
56.2%	281000	-43788.323666278506	23497.191958721494	299.9587614249191	0.955808202767729	32.5	19:24
56.4%	282000	-43816.308529559756	23333.253970440244	299.3526825295127	0.955808202767729	32.5	19:20
56.6%	283000	-42686.094662372256	24523.022525127744	299.61817726688093	0.955808202767729	32.4	19:15
56.8%	284000	-42782.036556903506	24200.268130596494	298.6070473685108	0.955808202767729	32.4	19:11
57.0%	285000	-42447.540951434756	24507.693423565244	298.4863679424343	0.955808202767729	32.4	19:06
57.2%	286000	-43605.768490497256	22968.044009502744	296.785989604799	0.955808202767729	32.4	19:02
57.4%	287000	-44319.500912372256	22475.374087627744	297.77148600891456	0.955808202767729	32.4	18:57
57.6%	288000	-43666.457943622256	23711.815493877744	300.3722756603609	0.955808202767729	32.3	18:52
57.8%	289000	-44335.504818622256	23384.682681377744	301.8965282093472	0.955808202767729	32.3	18:48
58.0%	290000	-42542.183041278506	24499.402896221494	298.87132312177727	0.955808202767729	32.3	18:43
58.2%	291000	-44077.642025653506	22738.279849346494	297.8653129566346	0.955808202767729	32.3	18:38
58.4%	292000	-44803.934017841006	22301.495669658994	299.1559384954849	0.955808202767729	32.3	18:34
58.6%	293000	-44123.871517841006	22605.503482158994	297.4794870743618	0.955808202767729	32.2	18:29
58.8%	294000	-42968.204037372256	24378.585025127744	300.23191834806994	0.955808202767729	32.2	18:24
59.0%	295000	-43523.205013934756	23563.677798565244	299.0732565452669	0.955808202767729	32.2	18:20
59.2%	296000	-43942.413021747256	23737.047915752744	301.714969234416	0.955808202767729	32.2	18:15
59.4%	297000	-43507.645443622256	23021.424868877744	296.5865289776302	0.955808202767729	32.2	18:10
59.6%	298000	-43945.234310809756	22920.453189190244	298.0871680631591	0.955808202767729	32.1	18:06
59.8%	299000	-43854.163021747256	23088.368228252744	298.4297374238772	0.955808202767729	32.1	18:01
60.0%	300000	-43603.310970966006	24224.962466533994	302.3783752107233	0.955808202767729	32.1	17:56
60.2%	301000	-44478.422787372256	22447.139712627744	298.3540907533323	0.955808202767729	32.1	17:51
60.4%	302000	-42792.070248309756	24136.445376690244	298.3672557816315	0.955808202767729	32.1	17:47
60.6%	303000	-42254.072201434756	25052.412173565244	300.0522400914672	0.955808202767729	32	17:42
60.8%	304000	-42507.919857684756	24547.455142315244	298.9327947486243	0.955808202767729	32	17:37
61.0%	305000	-42810.767513934756	23613.943423565244	296.1212949881555	0.955808202767729	32	17:32
61.2%	306000	-42679.448666278506	24574.738833721494	299.81910067497193	0.955808202767729	32	17:27
61.4%	307000	-42695.298763934756	24114.521548565244	297.8381121971063	0.955808202767729	32	17:23
61.6%	308000	-42807.055599872256	24092.100650127744	298.2363717172173	0.955808202767729	32	17:18
61.8%	309000	-42389.162533466006	24574.642154033994	298.52457438699594	0.955808202767729	31.9	17:13
62.0%	310000	-42340.914974872256	25030.366275127744	300.34110449547245	0.955808202767729	31.9	17:08
62.2%	311000	-42878.811459247256	23804.243228252744	297.2729911675198	0.955808202767729	31.9	17:03
62.4%	312000	-43036.218685809756	23621.125064190244	297.158371833835	0.955808202767729	31.9	16:58
62.6%	313000	-43361.046810809756	23264.984439190244	297.01878074012234	0.955808202767729	31.9	16:53
62.8%	314000	-43318.901302997256	23778.395572002744	299.1196824254862	0.955808202767729	31.9	16:49
63.0%	315000	-42769.568783466006	24181.946841533994	298.46978975865005	0.955808202767729	31.8	16:44
63.2%	316000	-43130.710873309756	23726.101626690244	298.04760332202693	0.955808202767729	31.8	16:39
63.4%	317000	-43330.810482684756	23669.416079815244	298.68694306935333	0.955808202767729	31.8	16:34
63.6%	318000	-42658.930599872256	24372.522525127744	298.826151053777	0.955808202767729	31.8	16:29
63.8%	319000	-43611.857357684756	23213.283267315244	297.9064101349233	0.955808202767729	31.8	16:24
64.0%	320000	-43637.763607684756	24080.048892315244	301.8859404617203	0.955808202767729	31.8	16:19
64.2%	321000	-42136.891537372256	24865.124087627744	298.69491870819076	0.955808202767729	31.7	16:14
64.4%	322000	-42118.430599872256	25283.335025127744	300.4770038087626	0.955808202767729	31.7	16:09
64.6%	323000	-42131.960873309756	25006.625064190244	299.3037490248554	0.955808202767729	31.7	16:04
64.8%	324000	-42332.121029559756	25024.261782940244	300.2746872759839	0.955808202767729	31.7	15:59
65.0%	325000	-40995.887142841006	25604.315982158994	296.9036389846796	0.955808202767729	31.7	15:54
65.2%	326000	-42436.498959247256	24466.438540752744	298.25322852593905	0.955808202767729	31.7	15:49
65.4%	327000	-43345.691342059756	23858.949282940244	299.5982207557289	0.955808202767729	31.6	15:44
65.6%	328000	-43786.711849872256	23260.053775127744	298.89441416347677	0.955808202767729	31.6	15:39
65.8%	329000	-42640.432552997256	24241.778384502744	298.160829531024	0.955808202767729	31.6	15:34
66.0%	330000	-43400.594662372256	24054.608462627744	300.71522813036825	0.955808202767729	31.6	15:29
66.2%	331000	-43370.886654559756	23823.644595440244	299.55315317208016	0.955808202767729	31.6	15:24
66.4%	332000	-42513.876888934756	25360.623111065244	302.58445318015896	0.955808202767729	31.6	15:19
66.6%	333000	-42484.146420184756	24205.462954815244	297.3022119578454	0.955808202767729	31.6	15:14
66.8%	334000	-43284.097592059756	23931.668032940244	299.64781599461287	0.955808202767729	31.5	15:09
67.0%	335000	-41742.867123309756	25181.507876690244	298.34879687951883	0.955808202767729	31.5	15:04
67.2%	336000	-42516.115170184756	24303.853579815244	297.88335392134104	0.955808202767729	31.5	14:59
67.4%	337000	-42964.394467059756	23795.550845440244	297.61576949694114	0.955808202767729	31.5	14:54
67.6%	338000	-42558.739193622256	25162.338931377744	301.9004986147073	0.955808202767729	31.5	14:49
67.8%	339000	-42021.378353778506	24835.035708721494	298.04582708805003	0.955808202767729	31.5	14:44
68.0%	340000	-43244.544369403506	23866.283755596494	299.1800047244659	0.955808202767729	31.5	14:39
68.2%	341000	-41350.194271747256	25690.899478252744	298.8691289503941	0.955808202767729	31.4	14:33
68.4%	342000	-41316.741146747256	26020.063540752744	300.1874080142963	0.955808202767729	31.4	14:28
68.6%	343000	-41021.303646747256	26141.415103252744	299.411333078867	0.955808202767729	31.4	14:23
68.8%	344000	-40523.643490497256	26595.887759502744	299.21880324701976	0.955808202767729	31.4	14:18
69.0%	345000	-40879.356381122256	25922.831118877744	297.80408512660796	0.955808202767729	31.4	14:13
69.2%	346000	-41315.278256122256	26331.690493877744	301.570119095007	0.955808202767729	31.4	14:08
69.4%	347000	-41241.575131122256	26228.885806377744	300.78324744324766	0.955808202767729	31.4	14:03
69.6%	348000	-41164.651791278506	25942.270083721494	299.162590665869	0.955808202767729	31.3	13:57
69.8%	349000	-41284.441342059756	26349.589907940244	301.51244373293406	0.955808202767729	31.3	13:52
70.0%	350000	-39845.260677997256	27358.286197002744	299.59334481932177	0.955808202767729	31.3	13:47
70.2%	351000	-41526.413021747256	25573.008853252744	299.12915567336296	0.955808202767729	31.3	13:42
70.4%	352000	-42063.026302997256	25294.200259502744	300.27844871264085	0.955808202767729	31.3	13:37
70.6%	353000	-42204.773373309756	24750.679751690244	298.4873431297158	0.955808202767729	31.3	13:32
70.8%	354000	-42693.786068622256	23967.627993877744	297.17651728289303	0.955808202767729	31.3	13:26
71.0%	355000	-41651.398373309756	24762.304751690244	296.07222217102947	0.955808202767729	31.3	13:21
71.2%	356000	-40402.911068622256	26559.268618877744	298.51733013861957	0.955808202767729	31.2	13:16
71.4%	357000	-41590.715756122256	25258.260806377744	298.01267072048154	0.955808202767729	31.2	13:11
71.6%	358000	-40869.786556903506	25674.916568096494	296.656220040135	0.955808202767729	31.2	13:06
71.8%	359000	-41139.031185809756	26369.437564190244	300.9526862333954	0.955808202767729	31.2	13:00
72.0%	360000	-41672.390560809756	25160.562564190244	297.9412382521171	0.955808202767729	31.2	12:55
72.2%	361000	-42612.417904559756	23613.925845440244	295.23697426448797	0.955808202767729	31.2	12:50
72.4%	362000	-40710.960873309756	25299.062564190244	294.27261852750905	0.955808202767729	31.2	12:45
72.6%	363000	-41208.042416278506	25768.957583721494	298.5833990769362	0.955808202767729	31.2	12:39
72.8%	364000	-42270.939388934756	24681.990298565244	298.47609364786217	0.955808202767729	31.1	12:34
73.0%	365000	-42354.742123309756	24058.390689190244	296.06967971847433	0.955808202767729	31.1	12:29
73.2%	366000	-41748.520443622256	25504.901431377744	299.81568751948697	0.955808202767729	31.1	12:24
73.4%	367000	-41815.801693622256	25027.284243877744	297.98641032011744	0.955808202767729	31.1	12:18
73.6%	368000	-41436.205013934756	25568.716861065244	298.7078747677868	0.955808202767729	31.1	12:13
73.8%	369000	-41455.497982684756	25136.877017315244	296.8687412112515	0.955808202767729	31.1	12:08
74.0%	370000	-40808.092709247256	25896.969790752744	297.37110197365473	0.955808202767729	31.1	12:02
74.2%	371000	-40841.279232684756	26106.947329815244	298.4551271213115	0.955808202767729	31.1	11:57
74.4%	372000	-40595.163998309756	26690.679751690244	299.9602242058412	0.955808202767729	31.1	11:52
74.6%	373000	-41417.689388934756	25279.029361065244	297.33390554449176	0.955808202767729	31	11:46
74.8%	374000	-41206.036068622256	25900.143618877744	299.1592819947356	0.955808202767729	31	11:41
75.0%	375000	-40584.374935809756	26374.718814190244	298.50357303232806	0.955808202767729	31	11:36
75.2%	376000	-40376.478451434756	26204.662173565244	296.8186583787268	0.955808202767729	31	11:31
75.4%	377000	-40761.533138934756	26539.544986065244	300.0281390343691	0.955808202767729	31	11:25
75.6%	378000	-41423.672299091006	25294.858950908994	297.43114564769684	0.955808202767729	31	11:20
75.8%	379000	-41538.970638934756	25262.584048565244	297.8012640491152	0.955808202767729	31	11:14
76.0%	380000	-40127.867123309756	27196.796939190244	300.1332851201771	0.955808202767729	31	11:09
76.2%	381000	-39367.773373309756	27891.484439190244	299.8417041230307	0.955808202767729	31	11:04
76.4%	382000	-39494.806088153506	27408.287661846494	298.253925088283	0.955808202767729	30.9	10:58
76.6%	383000	-39672.996517841006	27699.706607158994	300.34744321280175	0.955808202767729	30.9	10:53
76.8%	384000	-40528.703060809756	26544.875064190244	299.0139442616859	0.955808202767729	30.9	10:48
77.0%	385000	-40586.907162372256	26798.264712627744	300.40302888784305	0.955808202767729	30.9	10:42
77.2%	386000	-41762.590756122256	25048.120181377744	297.84208260246635	0.955808202767729	30.9	10:37
77.4%	387000	-40262.164486591006	26937.132388408994	299.57439832356835	0.955808202767729	30.9	10:32
77.6%	388000	-39913.613217059756	27220.894595440244	299.28556874768026	0.955808202767729	30.9	10:26
77.8%	389000	-40647.386654559756	26549.613345440244	299.5641588571134	0.955808202767729	30.9	10:21
78.0%	390000	-39939.140560809756	26742.914126690244	297.268533168519	0.955808202767729	30.9	10:15
78.2%	391000	-41291.052670184756	25126.017642315244	296.08723308954	0.955808202767729	30.9	10:10
78.4%	392000	-39524.282162372256	26861.358462627744	295.9471195740694	0.955808202767729	30.8	10:05
78.6%	393000	-39716.459896747256	27815.618228252744	301.0579368035551	0.955808202767729	30.8	9:59
78.8%	394000	-39724.928646747256	28085.751040752744	302.29994229080285	0.955808202767729	30.8	9:54
79.0%	395000	-39567.412045184756	27474.189517315244	298.8713927780117	0.955808202767729	30.8	9:48
79.2%	396000	-40204.575131122256	26888.151431377744	299.09930797692783	0.955808202767729	30.8	9:43
79.4%	397000	-39698.153256122256	27367.799868877744	298.97995201930473	0.955808202767729	30.8	9:37
79.6%	398000	-38828.704037372256	27980.124087627744	297.83368902622266	0.955808202767729	30.8	9:32
79.8%	399000	-39662.517513934756	27345.435611065244	298.721388077258	0.955808202767729	30.8	9:27
80.0%	400000	-39731.117123309756	26910.695376690244	297.0891335368538	0.955808202767729	30.8	9:21
80.2%	401000	-39305.302670184756	27773.759829815244	299.03839359995595	0.955808202767729	30.8	9:16
80.4%	402000	-39348.158138934756	27353.591861065244	297.35633485196456	0.955808202767729	30.7	9:10
80.6%	403000	-39052.856381122256	26922.268618877744	294.1170413280044	0.955808202767729	30.7	9:05
80.8%	404000	-38233.647396747256	28627.899478252744	298.0687091610464	0.955808202767729	30.7	8:59
81.0%	405000	-38094.667904559756	28017.894595440244	294.7297375656776	0.955808202767729	30.7	8:54
81.2%	406000	-38309.123959247256	28268.876040752744	296.80465747561493	0.955808202767729	30.7	8:48
81.4%	407000	-39291.184506122256	27784.940493877744	299.025298227891	0.955808202767729	30.7	8:43
81.6%	408000	-40068.224545184756	26896.869204815244	298.53032102633284	0.955808202767729	30.7	8:38
81.8%	409000	-40674.714779559756	26516.300845440244	299.5374805193429	0.955808202767729	30.7	8:32
82.0%	410000	-39246.848080341006	28120.183169658994	300.3221579997191	0.955808202767729	30.7	8:27
82.2%	411000	-38621.687435809756	27907.078189190244	296.58517068105965	0.955808202767729	30.7	8:21
82.4%	412000	-38445.266537372256	28457.014712627744	298.25030296409483	0.955808202767729	30.7	8:16
82.6%	413000	-38325.222592059756	28686.668032940244	298.7389414483237	0.955808202767729	30.6	8:10
82.8%	414000	-38757.449154559756	28170.847720440244	298.3662805943501	0.955808202767729	30.6	8:05
83.0%	415000	-40168.144467059756	26999.558657940244	299.4335534176367	0.955808202767729	30.6	7:59
83.2%	416000	-39791.944271747256	27661.243228252744	300.7062424761322	0.955808202767729	30.6	7:54
83.4%	417000	-39536.809994403506	27781.690005596494	300.1058057357112	0.955808202767729	30.6	7:48
83.6%	418000	-39840.548763934756	27227.099673565244	298.9875097207358	0.955808202767729	30.6	7:43
83.8%	419000	-39947.803646747256	27882.235415752744	302.3862463652091	0.955808202767729	30.6	7:37
84.0%	420000	-39797.744076434756	26705.271548565244	296.4703772067889	0.955808202767729	30.6	7:32
84.2%	421000	-41096.304623309756	25692.328189190244	297.7436583432767	0.955808202767729	30.6	7:26
84.4%	422000	-40264.205013934756	27069.998111065244	300.1758102512708	0.955808202767729	30.6	7:20
84.6%	423000	-39644.967709247256	27557.243228252744	299.5873892112816	0.955808202767729	30.6	7:15
84.8%	424000	-40018.362240497256	27172.731509502744	299.5378288005149	0.955808202767729	30.5	7:09
85.0%	425000	-40166.738217059756	26368.527407940244	296.61414767456483	0.955808202767729	30.5	7:04
85.2%	426000	-41398.488217059756	25151.964907940244	296.6818535343896	0.955808202767729	30.5	6:58
85.4%	427000	-41253.137631122256	25497.377993877744	297.5737319594882	0.955808202767729	30.5	6:53
85.6%	428000	-40112.964291278506	27596.223208721494	301.84749022033833	0.955808202767729	30.5	6:47
85.8%	429000	-40077.872006122256	26720.924868877744	297.7889697237459	0.955808202767729	30.5	6:42
86.0%	430000	-40909.795834247256	25393.063540752744	295.57808084428393	0.955808202767729	30.5	6:36
86.2%	431000	-40757.532162372256	26784.780337627744	301.10356163707894	0.955808202767729	30.5	6:31
86.4%	432000	-42192.274349872256	25320.483462627744	300.97180686973485	0.955808202767729	30.5	6:25
86.6%	433000	-42437.237240497256	25603.989322002744	303.32772002919165	0.955808202767729	30.5	6:19
86.8%	434000	-42655.452084247256	23783.407290752744	296.1843687083935	0.955808202767729	30.5	6:14
87.0%	435000	-42037.744076434756	24822.724673565244	298.0639028808736	0.955808202767729	30.5	6:08
87.2%	436000	-42197.621029559756	25106.722720440244	300.0426971873561	0.955808202767729	30.4	6:03
87.4%	437000	-40414.166439716006	27144.950747783994	301.1784769171628	0.955808202767729	30.4	5:57
87.6%	438000	-41137.420834247256	26147.204165752744	299.95479101955897	0.955808202767729	30.4	5:52
87.8%	439000	-41880.508724872256	25406.506900127744	299.96544842342024	0.955808202767729	30.4	5:46
88.0%	440000	-42074.797787372256	24913.022525127744	298.63163601924964	0.955808202767729	30.4	5:40
88.2%	441000	-42851.686947528506	23696.828677471494	296.6732161613255	0.955808202767729	30.4	5:35
88.4%	442000	-43891.778256122256	22822.815493877744	297.41359227663116	0.955808202767729	30.4	5:29
88.6%	443000	-42958.401791278506	24105.621646221494	298.9713494743579	0.955808202767729	30.4	5:24
88.8%	444000	-43120.478451434756	24309.904361065244	300.6045792020435	0.955808202767729	30.4	5:18
89.0%	445000	-43289.574154559756	23411.191470440244	297.35194650919817	0.955808202767729	30.4	5:12
89.2%	446000	-43664.462826434756	23333.162173565244	298.6753453063278	0.955808202767729	30.4	5:07
89.4%	447000	-42967.944271747256	23619.618228252744	296.84728709106014	0.955808202767729	30.4	5:01
89.6%	448000	-43639.097592059756	23583.597720440244	299.6787085345637	0.955808202767729	30.4	4:56
89.8%	449000	-42292.409603778506	24533.481021221494	297.9097536341739	0.955808202767729	30.3	4:50
90.0%	450000	-43674.338314716006	23059.286685283994	297.49843357011525	0.955808202767729	30.3	4:44
90.2%	451000	-44394.336361591006	22494.280825908994	298.18938858712283	0.955808202767729	30.3	4:39
90.4%	452000	-45054.080990497256	22242.169009502744	300.00661525794334	0.955808202767729	30.3	4:33
90.6%	453000	-45815.744564716006	20408.317935283994	295.22680445426744	0.955808202767729	30.3	4:27
90.8%	454000	-44689.382748309756	22002.601626690244	297.3127997054723	0.955808202767729	30.3	4:22
91.0%	455000	-45476.634213153506	21357.170474346494	297.9450345168912	0.955808202767729	30.3	4:16
91.2%	456000	-45776.952084247256	21147.915103252744	298.35099105090205	0.955808202767729	30.3	4:10
91.4%	457000	-45190.123959247256	21353.993228252744	296.65360793134545	0.955808202767729	30.3	4:05
91.6%	458000	-45208.754330341006	21007.901919658994	295.19378739916766	0.955808202767729	30.3	3:59
91.8%	459000	-44957.622494403506	21819.268130596494	297.6913116831345	0.955808202767729	30.3	3:54
92.0%	460000	-45015.903256122256	22413.651431377744	300.600887421621	0.955808202767729	30.3	3:48
92.2%	461000	-45170.732357684756	21478.267642315244	297.1211754046721	0.955808202767729	30.3	3:42
92.4%	462000	-44359.884701434756	22684.959048565244	298.8858464466471	0.955808202767729	30.3	3:37
92.6%	463000	-43493.453549091006	23672.319888408994	299.42495087268975	0.955808202767729	30.2	3:31
92.8%	464000	-44059.995052997256	23030.700259502744	299.09025266645745	0.955808202767729	30.2	3:25
93.0%	465000	-43567.706967059756	22991.261782940244	296.71981618213084	0.955808202767729	30.2	3:20
93.2%	466000	-43812.238217059756	22787.722720440244	296.90255931304665	0.955808202767729	30.2	3:14
93.4%	467000	-42901.905209247256	23414.219790752744	295.637218987279	0.955808202767729	30.2	3:08
93.6%	468000	-43544.777279559756	23367.925845440244	298.2967636724313	0.955808202767729	30.2	3:03
93.8%	469000	-42994.756771747256	24105.383853252744	299.13235986014473	0.955808202767729	30.2	2:57
94.0%	470000	-42691.913021747256	24828.665103252744	301.0066698150458	0.955808202767729	30.2	2:51
94.2%	471000	-42809.806576434756	23774.896548565244	296.8345400001672	0.955808202767729	30.2	2:45
94.4%	472000	-42899.515560809756	24545.968814190244	300.6719019525791	0.955808202767729	30.2	2:40
94.6%	473000	-44047.025326434756	22850.474673565244	298.2289881563722	0.955808202767729	30.2	2:34
94.8%	474000	-43863.951107684756	22522.470767315244	295.9506023857887	0.955808202767729	30.2	2:28
95.0%	475000	-43609.921322528506	23868.797427471494	300.8200607631215	0.955808202767729	30.2	2:23
95.2%	476000	-43987.304623309756	23054.679751690244	298.87309935575416	0.955808202767729	30.2	2:17
95.4%	477000	-43402.177670184756	23509.759829815244	298.2933505169463	0.955808202767729	30.2	2:11
95.6%	478000	-42483.936947528506	24109.813052471494	296.87487095987757	0.955808202767729	30.1	2:06
95.8%	479000	-44666.544369403506	22320.111880596494	298.6264466297878	0.955808202767729	30.1	2:00
96.0%	480000	-42499.929623309756	24185.703189190244	297.28448444619374	0.955808202767729	30.1	1:54
96.2%	481000	-45195.030209247256	21652.508853252744	298.0062623469179	0.955808202767729	30.1	1:48
96.4%	482000	-43213.490658466006	23705.759341533994	298.3259496346397	0.955808202767729	30.1	1:43
96.6%	483000	-45157.544857684756	22069.548892315244	299.6983167645439	0.955808202767729	30.1	1:37
96.8%	484000	-44020.543881122256	23376.502993877744	300.4559676259776	0.955808202767729	30.1	1:31
97.0%	485000	-43213.953060809756	23594.093814190244	297.8302062145033	0.955808202767729	30.1	1:26
97.2%	486000	-43794.133724872256	22918.085025127744	297.40300452900425	0.955808202767729	30.1	1:20
97.4%	487000	-44721.639584247256	22329.547915752744	298.9141268778084	0.955808202767729	30.1	1:14
97.6%	488000	-44129.069271747256	22407.149478252744	296.6183967048625	0.955808202767729	30.1	1:08
97.8%	489000	-43108.429623309756	23961.429751690244	298.99736607790163	0.955808202767729	30.1	1:03
98.0%	490000	-42770.038021747256	24524.649478252744	299.9996496345045	0.955808202767729	30.1	0:57
98.2%	491000	-44305.625912372256	22542.999087627744	298.01110345520783	0.955808202767729	30.1	0:51
98.4%	492000	-42701.822201434756	24113.013736065244	297.8604718483447	0.955808202767729	30.1	0:45
98.6%	493000	-43770.880795184756	23476.728579815244	299.7897754002948	0.955808202767729	30.1	0:40
98.8%	494000	-42001.271420184756	24623.337954815244	297.0124420227931	0.955808202767729	30	0:34
99.0%	495000	-42695.782162372256	24957.436587627744	301.597981588762	0.955808202767729	30	0:28
99.2%	496000	-41756.312924091006	24744.312075908994	296.4597198029276	0.955808202767729	30	0:23
99.4%	497000	-42326.440365497256	25304.622134502744	301.4992090484004	0.955808202767729	30	0:17
99.6%	498000	-43076.480404559756	23735.066470440244	297.8458092110061	0.955808202767729	30	0:11
99.8%	499000	-43246.474056903506	23851.416568096494	299.122329362393	0.955808202767729	30	0:05
100.0%	500000	-42755.368099872256	23593.819400127744	295.7846115792431	0.955808202767729	30	0:00
