#"Progress (%)"	"Step"	"Potential Energy (kJ/mole)"	"Total Energy (kJ/mole)"	"Temperature (K)"	"Density (g/mL)"	"Speed (ns/day)"	"Time Remaining"
0.2%	1000	442612.86319434457	550431.2538193446	253.50311821058824	0.9626389289889488	0	--
0.4%	2000	462457.07608496957	586849.1854599696	292.47132538855817	0.9626389289889488	23.6	1:00:39
0.6%	3000	461425.31729590707	589296.6141709071	300.65160775946566	0.9626389289889488	23.2	1:01:37
0.8%	4000	459268.44913184457	586856.0585068446	299.98460034606904	0.9626389289889488	23.1	1:01:50
1.0%	5000	455141.58780371957	582856.3690537196	300.28360746975466	0.9626389289889488	23	1:02:05
1.2%	6000	452085.71475684457	579654.1053818446	299.93941312870413	0.9626389289889488	22.8	1:02:22
1.4%	7000	450710.54092871957	578314.1971787196	300.0223298356901	0.9626389289889488	22.8	1:02:23
1.6%	8000	451113.81436621957	577882.3846787196	298.05887176603323	0.9626389289889488	22.7	1:02:29
1.8%	9000	452180.22647559457	579642.3046005946	299.6894506677683	0.9626389289889488	22.6	1:02:39
2.0%	10000	449133.97647559457	576431.3202255946	299.30212641355814	0.9626389289889488	22.5	1:02:46
2.2%	11000	449130.17569434457	576972.0506943446	300.5824309055647	0.9626389289889488	22.4	1:02:56
2.4%	12000	453173.85928809457	580133.3905380946	298.5078600400378	0.9626389289889488	22.3	1:03:01
2.6%	13000	454003.47452246957	581414.3182724696	299.5689881590369	0.9626389289889488	22.2	1:03:06
2.8%	14000	458328.82022559457	586261.5233505946	300.79598642958297	0.9626389289889488	22.1	1:03:17
3.0%	15000	461950.07413184457	589404.9803818446	299.67258812080047	0.9626389289889488	22	1:03:26
3.2%	16000	463574.63467871957	592047.8534287196	302.0668493647905	0.9626389289889488	21.9	1:03:32
3.4%	17000	468679.47061621957	595902.6112412196	299.1276596694393	0.9626389289889488	21.9	1:03:39
3.6%	18000	469299.50088965707	596814.4696396571	299.8138073594596	0.9626389289889488	21.8	1:03:49
3.8%	19000	472606.09170996957	600380.6620224696	300.4241838008497	0.9626389289889488	21.6	1:04:00
4.0%	20000	475590.39151465707	602497.9540146571	298.385670865277	0.9626389289889488	21.5	1:04:09
4.2%	21000	482068.85733496957	609972.2167099696	300.7269932635574	0.9626389289889488	21.5	1:04:14
4.4%	22000	484275.78506934457	611411.1600693446	298.92130471013945	0.9626389289889488	21.4	1:04:21
4.6%	23000	488808.04971778207	616417.7215927821	300.036473802101	0.9626389289889488	21.3	1:04:28
4.8%	24000	492583.20108496957	620416.4042099696	300.56204155138784	0.9626389289889488	21.2	1:04:34
5.0%	25000	493693.94327246957	621231.1542099696	299.86610329760515	0.9626389289889488	21.2	1:04:40
5.2%	26000	497168.75967871957	624055.5331162196	298.33679152161517	0.9626389289889488	21.1	1:04:46
5.4%	27000	500913.75577246957	626962.7635849696	296.3670329578299	0.9626389289889488	21	1:04:51
5.6%	28000	504057.71963965707	631066.6415146571	298.6239875149082	0.9626389289889488	20.9	1:04:55
5.8%	29000	505065.93350684457	631755.2772568446	297.87259389152194	0.9626389289889488	20.9	1:04:59
6.0%	30000	507947.22061621957	635378.2206162196	299.6163796309075	0.9626389289889488	20.8	1:05:04
6.2%	31000	508465.40811621957	635647.7674912196	299.03177459844545	0.9626389289889488	20.7	1:05:12
6.4%	32000	511963.18350684457	638217.9803818446	296.8508851905981	0.9626389289889488	20.6	1:05:18
6.6%	33000	514522.15225684457	642027.3944443446	299.79093821896396	0.9626389289889488	20.6	1:05:24
6.8%	34000	516061.28506934457	642632.8475693446	297.59566605046757	0.9626389289889488	20.5	1:05:31
7.0%	35000	516814.08585059457	644341.2499130946	299.84248103682006	0.9626389289889488	20.4	1:05:39
7.2%	36000	519759.46475684457	647911.3475693446	301.31132276420624	0.9626389289889488	20.3	1:05:49
7.4%	37000	519975.75577246957	647056.8963974696	298.7937885869901	0.9626389289889488	20.2	1:05:55
7.6%	38000	522573.32706153207	650375.8348740321	300.48987058511676	0.9626389289889488	20.1	1:06:03
7.8%	39000	521330.26553809457	649275.4686630946	300.8253764896577	0.9626389289889488	20.1	1:06:10
8.0%	40000	522881.99210059457	650296.5077255946	299.57762148918385	0.9626389289889488	20	1:06:18
8.2%	41000	522830.71475684457	650876.9335068446	301.0628849126368	0.9626389289889488	19.9	1:06:24
8.4%	42000	520921.15225684457	648730.8553818446	300.5067882384473	0.9626389289889488	19.8	1:06:31
8.6%	43000	521816.83487403207	650203.8036240321	301.8640579502746	0.9626389289889488	19.7	1:06:38
8.8%	44000	522815.11221778207	649819.7215927821	298.6138479441824	0.9626389289889488	19.7	1:06:44
9.0%	45000	524211.26358496957	651709.3495224696	299.7741124095712	0.9626389289889488	19.6	1:06:49
9.2%	46000	524283.79483496957	651559.2948349696	299.2507672835775	0.9626389289889488	19.5	1:06:57
9.4%	47000	524053.64053809457	650915.1717880946	298.2774419690517	0.9626389289889488	19.5	1:07:02
9.6%	48000	521893.24210059457	650049.8827255946	301.32250935582215	0.9626389289889488	19.4	1:07:06
9.8%	49000	523269.27335059457	651103.7889755946	300.5651275076957	0.9626389289889488	19.3	1:07:12
10.0%	50000	523559.09366309457	651849.6327255946	301.63733200558545	0.9626389289889488	19.3	1:07:16
10.2%	51000	522112.71670996957	650147.8182724696	301.0367461279578	0.9626389289889488	19.2	1:07:21
10.4%	52000	522509.86514746957	649844.3885849696	299.38954347349295	0.9626389289889488	19.1	1:07:25
10.6%	53000	521943.64835059457	650253.0936630946	301.68178447144857	0.9626389289889488	19.1	1:07:28
10.8%	54000	519960.46280371957	647894.6815537196	300.799549974367	0.9626389289889488	19	1:07:33
11.0%	55000	519473.75772559457	647603.6796005946	301.2596881024124	0.9626389289889488	19	1:07:36
11.2%	56000	521137.22647559457	648839.3202255946	300.2537765587787	0.9626389289889488	18.9	1:07:39
11.4%	57000	523725.39444434457	652047.5038193446	301.7115602760618	0.9626389289889488	18.8	1:07:42
11.6%	58000	523639.77920996957	650180.6385849696	297.5234767154089	0.9626389289889488	18.8	1:07:45
11.8%	59000	523287.86807715707	651397.4305771571	301.2118190420656	0.9626389289889488	18.7	1:07:46
12.0%	60000	524326.5096787196	651158.2518662196	298.20740178213606	0.9626389289889488	18.7	1:07:49
12.2%	61000	526015.5780380946	652940.8671005946	298.4273496442205	0.9626389289889488	18.6	1:07:51
12.4%	62000	525990.4393662196	654462.4081162196	302.063910358783	0.9626389289889488	18.6	1:07:53
12.6%	63000	527483.8241318446	654409.4803818446	298.4282129772352	0.9626389289889488	18.5	1:07:55
12.8%	64000	527760.4393662196	654647.4628037196	298.3373793228167	0.9626389289889488	18.5	1:07:58
13.0%	65000	527414.7567490321	653673.4520615321	296.86005121558395	0.9626389289889488	18.4	1:08:00
13.2%	66000	529120.0682724696	656595.9745224696	299.721963421726	0.9626389289889488	18.4	1:08:02
13.4%	67000	529932.1903427821	656561.7137802821	297.7319440852767	0.9626389289889488	18.3	1:08:05
13.6%	68000	530207.5028427821	657663.8934677821	299.6760781904343	0.9626389289889488	18.3	1:08:09
13.8%	69000	531959.5565537196	658887.8065537196	298.43431141470074	0.9626389289889488	18.2	1:08:14
14.0%	70000	531823.1171005946	658640.1483505946	298.1728133551856	0.9626389289889488	18.1	1:08:18
14.2%	71000	533690.6913193446	661635.1288193446	300.8235763484781	0.9626389289889488	18.1	1:08:22
14.4%	72000	532831.6874130946	659747.0936630946	298.4041131279739	0.9626389289889488	18	1:08:26
14.6%	73000	533592.3319443446	661275.7538193446	300.20987515654207	0.9626389289889488	18	1:08:29
14.8%	74000	535684.5692490321	663543.7254990321	300.62306266361804	0.9626389289889488	17.9	1:08:31
15.0%	75000	537244.1756943446	664188.9178818446	298.47308792521187	0.9626389289889488	17.8	1:08:34
15.2%	76000	539152.4139755946	666377.9608505946	299.13331725600375	0.9626389289889488	17.8	1:08:36
15.4%	77000	542197.7196396571	667972.4462021571	295.72214156463957	0.9626389289889488	17.7	1:08:38
15.6%	78000	543134.4129990321	670072.2411240321	298.45683154823297	0.9626389289889488	17.7	1:08:40
15.8%	79000	545146.3602646571	672143.4774521571	298.5962322769251	0.9626389289889488	17.7	1:08:32
16.0%	80000	546657.4588974696	674143.9901474696	299.7469449727896	0.9626389289889488	17.7	1:08:14
16.2%	81000	546456.8338974696	673794.0057724696	299.3957704924713	0.9626389289889488	17.8	1:07:56
16.4%	82000	548652.7909287196	675808.7440537196	298.96968809653754	0.9626389289889488	17.8	1:07:38
16.6%	83000	551648.5057724696	678333.7557724696	297.8629686468475	0.9626389289889488	17.8	1:07:21
16.8%	84000	552422.1952255946	679376.6327255946	298.49588359055736	0.9626389289889488	17.9	1:07:03
17.0%	85000	552594.3378037196	679660.1815537196	298.7578225009736	0.9626389289889488	17.9	1:06:47
17.2%	86000	555310.1151474696	682036.7948349696	297.9603783272077	0.9626389289889488	17.9	1:06:31
17.4%	87000	558409.1581162196	685429.6893662196	298.6512835332026	0.9626389289889488	17.9	1:06:16
17.6%	88000	557485.1268662196	684525.0956162196	298.69698507661883	0.9626389289889488	18	1:06:00
17.8%	89000	559243.5682724696	686544.9979599696	299.31173328944504	0.9626389289889488	18	1:05:44
18.0%	90000	560339.0858505946	687288.7889755946	298.484752105304	0.9626389289889488	18	1:05:29
18.2%	91000	560749.0213974696	687696.3963974696	298.4792782066151	0.9626389289889488	18.1	1:05:13
18.4%	92000	564079.1629990321	690930.7879990321	298.2541503464425	0.9626389289889488	18.1	1:04:57
18.6%	93000	564134.7010849696	690865.4510849696	297.96994846551956	0.9626389289889488	18.1	1:04:42
18.8%	94000	562458.8856552821	689511.5965927821	298.7269445691076	0.9626389289889488	18.1	1:04:29
19.0%	95000	563564.4413193446	690276.3163193446	297.9255694748067	0.9626389289889488	18.2	1:04:13
19.2%	96000	565772.5331162196	693233.8612412196	299.68768726416386	0.9626389289889488	18.2	1:03:59
19.4%	97000	567212.0438584071	694423.6219834071	299.10047386387015	0.9626389289889488	18.2	1:03:46
19.6%	98000	567366.9462021571	695230.8368271571	300.63419414887136	0.9626389289889488	18.2	1:03:31
19.8%	99000	568428.6561630946	696082.4999130946	300.1403309268902	0.9626389289889488	18.2	1:03:17
20.0%	100000	569528.2596787196	696597.3065537196	298.76535370386773	0.9626389289889488	18.3	1:03:03
20.2%	101000	569808.7489365321	697977.4833115321	301.35094423894446	0.9626389289889488	18.3	1:02:50
20.4%	102000	571603.8436630946	698614.7499130946	298.62865318694503	0.9626389289889488	18.3	1:02:36
20.6%	103000	572129.4872177821	698763.0106552821	297.7413489045006	0.9626389289889488	18.3	1:02:23
20.8%	104000	573434.2518662196	700099.3690537196	297.81563228133956	0.9626389289889488	18.3	1:02:09
21.0%	105000	576197.0780380946	703542.8749130946	299.41604963392285	0.9626389289889488	18.4	1:01:55
21.2%	106000	577402.0467880946	705459.6796005946	301.08972171124253	0.9626389289889488	18.4	1:01:42
21.4%	107000	577663.7889755946	705131.3046005946	299.70223534390084	0.9626389289889488	18.4	1:01:30
21.6%	108000	578612.5204209071	705859.6454209071	299.18405184720774	0.9626389289889488	18.4	1:01:17
21.8%	109000	580532.5653427821	707234.8075302821	297.9029207597616	0.9626389289889488	18.4	1:01:05
22.0%	110000	578884.5965927821	707199.1434677821	301.69377928971653	0.9626389289889488	18.4	1:00:53
22.2%	111000	581232.5262802821	708233.7606552821	298.6059126279622	0.9626389289889488	18.5	1:00:40
22.4%	112000	584031.5370224696	710812.6307724696	298.08831693247066	0.9626389289889488	18.5	1:00:29
22.6%	113000	582609.5829209071	710301.7235459071	300.23037472344424	0.9626389289889488	18.5	1:00:19
22.8%	114000	584017.5360459071	712059.4813584071	301.0528371858487	0.9626389289889488	18.5	1:00:08
23.0%	115000	585197.9237412196	711401.6893662196	296.73090027034294	0.9626389289889488	18.5	59:58
23.2%	116000	584355.2001084071	710055.5126084071	295.547178863257	0.9626389289889488	18.5	59:49
23.4%	117000	586218.3846787196	712688.5096787196	297.35716571296086	0.9626389289889488	18.5	59:38
23.6%	118000	588427.0399521571	715957.8212021571	299.8509857854542	0.9626389289889488	18.5	59:28
23.8%	119000	586188.2059677821	712668.4559677821	297.38097166162146	0.9626389289889488	18.5	59:17
24.0%	120000	587701.5536240321	713857.5536240321	296.6185935032822	0.9626389289889488	18.5	59:05
24.2%	121000	586474.2782334071	713218.5907334071	298.0018366807007	0.9626389289889488	18.5	58:54
24.4%	122000	589064.4667099696	715282.4276474696	296.76427635731534	0.9626389289889488	18.5	58:43
24.6%	123000	589027.8124130946	715437.5780380946	297.2152484603749	0.9626389289889488	18.5	58:33
24.8%	124000	589396.2538193446	716021.9803818446	297.72301685452896	0.9626389289889488	18.5	58:31
25.0%	125000	590713.4960068446	718648.8006943446	300.80210323583594	0.9626389289889488	18.5	58:29
25.2%	126000	589653.0145615321	716432.6942490321	298.0849921819247	0.9626389289889488	18.4	58:26
25.4%	127000	591013.8827255946	717967.8983505946	298.49489167602985	0.9626389289889488	18.4	58:24
25.6%	128000	592479.5985459071	720742.7860459071	301.5730228803844	0.9626389289889488	18.4	58:22
25.8%	129000	593394.3612412196	721098.5331162196	300.25866265626615	0.9626389289889488	18.3	58:20
26.0%	130000	590000.8446396571	717269.9071396571	299.235631402639	0.9626389289889488	18.3	58:17
26.2%	131000	588581.4667099696	716435.5057724696	300.611031107775	0.9626389289889488	18.2	58:15
26.4%	132000	591754.9315537196	719358.2049912196	300.02142976510027	0.9626389289889488	18.2	58:13
26.6%	133000	592480.4178818446	719526.0506943446	298.7103024475902	0.9626389289889488	18.2	58:10
26.8%	134000	592882.7733505946	721678.9842880946	302.8262701483347	0.9626389289889488	18.1	58:07
27.0%	135000	592375.7723740321	719313.7723740321	298.457235661559	0.9626389289889488	18.1	58:05
27.2%	136000	594726.0682724696	721411.0682724696	297.862380845646	0.9626389289889488	18.1	58:02
27.4%	137000	592535.6424912196	719980.4081162196	299.6487454345648	0.9626389289889488	18	57:59
27.6%	138000	593602.8329209071	720196.2001084071	297.6469333365104	0.9626389289889488	18	57:56
27.8%	139000	592721.0712021571	718843.6727646571	296.54006693652	0.9626389289889488	18	57:53
28.0%	140000	593381.5809677821	719881.1512802821	297.42639767322447	0.9626389289889488	17.9	57:50
28.2%	141000	593313.7997177821	720006.6044052821	297.88073126440514	0.9626389289889488	17.9	57:47
28.4%	142000	595065.1835068446	722430.8710068446	299.46281656701683	0.9626389289889488	17.9	57:45
28.6%	143000	591567.5936630946	718528.6405380946	298.51142358482184	0.9626389289889488	17.8	57:43
28.8%	144000	592043.2587021571	718900.7430771571	298.2679269371025	0.9626389289889488	17.8	57:41
29.0%	145000	594877.1678818446	721945.9491318446	298.7647291650912	0.9626389289889488	17.7	57:39
29.2%	146000	594418.2313584071	721197.8094834071	298.0847533876866	0.9626389289889488	17.7	57:37
29.4%	147000	593722.1337021571	721246.7508896571	299.8364928120799	0.9626389289889488	17.7	57:35
29.6%	148000	592907.8837021571	720006.8055771571	298.83559594744645	0.9626389289889488	17.6	57:33
29.8%	149000	593271.3729599696	720376.6854599696	298.8506216156597	0.9626389289889488	17.6	57:30
30.0%	150000	591186.4921005946	718290.6405380946	298.84788466631517	0.9626389289889488	17.5	57:27
30.2%	151000	590632.5096787196	717971.9315537196	299.40106070328477	0.9626389289889488	17.5	57:25
30.4%	152000	593931.1737412196	721650.6034287196	300.2945368983449	0.9626389289889488	17.5	57:21
30.6%	153000	592953.3495224696	719738.3885849696	298.09759317018177	0.9626389289889488	17.4	57:18
30.8%	154000	590621.9969834071	718777.6766709071	301.32024999495394	0.9626389289889488	17.4	57:14
31.0%	155000	590546.7674912196	718419.7831162196	300.65564889272594	0.9626389289889488	17.4	57:09
31.2%	156000	591282.2128037196	718343.5799912196	298.7472971857094	0.9626389289889488	17.4	57:05
31.4%	157000	592540.3612412196	720521.2049912196	300.9091748984458	0.9626389289889488	17.3	57:02
31.6%	158000	589952.7372177821	716831.5340927821	298.31803698952996	0.9626389289889488	17.3	56:58
31.8%	159000	588487.9042099696	715979.7167099696	299.7593622731711	0.9626389289889488	17.3	56:55
32.0%	160000	589098.8837021571	716779.4774521571	300.2032256554502	0.9626389289889488	17.2	56:51
32.2%	161000	588821.8290146571	716078.0087021571	299.2053412719745	0.9626389289889488	17.2	56:47
32.4%	162000	589986.9794052821	716586.5340927821	297.66148141624745	0.9626389289889488	17.2	56:43
32.6%	163000	590717.1659287196	717820.1190537196	298.84507424182056	0.9626389289889488	17.1	56:38
32.8%	164000	590783.3846787196	717058.5331162196	296.8987358821573	0.9626389289889488	17.1	56:33
33.0%	165000	591177.8055771571	718644.2118271571	299.6996269760692	0.9626389289889488	17.1	56:28
33.2%	166000	591157.0614365321	718540.7879990321	299.50523009746223	0.9626389289889488	17.1	56:23
33.4%	167000	590516.4139755946	718646.2577255946	301.25950441453693	0.9626389289889488	17	56:17
33.6%	168000	589211.5204209071	716491.1297959071	299.2604292658271	0.9626389289889488	17	56:12
33.8%	169000	590742.1600693446	718566.1600693446	300.5404031196578	0.9626389289889488	17	56:07
34.0%	170000	590103.2118271571	716854.2118271571	298.01756036284064	0.9626389289889488	17	56:01
34.2%	171000	589582.5546005946	716820.3046005946	299.1620093021517	0.9626389289889488	16.9	55:55
34.4%	172000	589035.9921005946	715316.8827255946	296.91223694100415	0.9626389289889488	16.9	55:50
34.6%	173000	588822.0272568446	716032.0819443446	299.0968919502986	0.9626389289889488	16.9	55:44
34.8%	174000	589468.6190537196	717524.5565537196	301.0857356843449	0.9626389289889488	16.9	55:39
35.0%	175000	589573.4432724696	717173.2870224696	300.0133658673672	0.9626389289889488	16.8	55:34
35.2%	176000	590684.8143662196	717604.9706162196	298.41528135080233	0.9626389289889488	16.8	55:29
35.4%	177000	592306.6258896571	719857.8758896571	299.89911200882665	0.9626389289889488	16.8	55:24
35.6%	178000	591949.4042099696	719493.4745224696	299.88223109307114	0.9626389289889488	16.8	55:19
35.8%	179000	592743.8006943446	720059.7147568446	299.3457890215567	0.9626389289889488	16.7	55:13
36.0%	180000	593841.0907334071	720625.0438584071	298.0950399087128	0.9626389289889488	16.7	55:07
36.2%	181000	591601.7674912196	718763.7284287196	298.9838136941609	0.9626389289889488	16.7	55:02
36.4%	182000	593228.4901474696	720001.3963974696	298.0690664431217	0.9626389289889488	16.7	54:57
36.6%	183000	590527.4745224696	717924.3963974696	299.53625497962867	0.9626389289889488	16.6	54:51
36.8%	184000	592037.8690537196	718393.6737412196	297.0883752447897	0.9626389289889488	16.6	54:45
37.0%	185000	589818.2049912196	716205.7518662196	297.163007628592	0.9626389289889488	16.6	54:40
37.2%	186000	589428.5321396571	717231.1493271571	300.4901277481424	0.9626389289889488	16.6	54:34
37.4%	187000	591760.1551865321	718719.3114365321	298.50697833823557	0.9626389289889488	16.5	54:28
37.6%	188000	592107.3475693446	718404.8319443446	296.95125224575344	0.9626389289889488	16.5	54:22
37.8%	189000	592017.5340927821	719344.6434677821	299.37211149411115	0.9626389289889488	16.5	54:16
38.0%	190000	589970.1405380946	716977.8280380946	298.6210852464758	0.9626389289889488	16.5	54:10
38.2%	191000	589768.7753037196	716309.1659287196	297.52237458815614	0.9626389289889488	16.5	54:04
38.4%	192000	591125.6698349696	718591.9979599696	299.6994432881938	0.9626389289889488	16.4	53:58
38.6%	193000	592392.1874130946	718047.5546005946	295.4415032285007	0.9626389289889488	16.4	53:51
38.8%	194000	591570.4188584071	718218.2079209071	297.7748903105609	0.9626389289889488	16.4	53:45
39.0%	195000	589731.4042099696	717644.0292099696	300.74877864558783	0.9626389289889488	16.4	53:38
39.2%	196000	590131.9540146571	717362.1415146571	299.1442283158065	0.9626389289889488	16.4	53:32
39.4%	197000	590677.6991318446	717730.0428818446	298.7260812360929	0.9626389289889488	16.3	53:26
39.6%	198000	590711.4286240321	719455.1942490321	302.7029604775335	0.9626389289889488	16.3	53:19
39.8%	199000	591024.0145615321	718859.2567490321	300.5668358049375	0.9626389289889488	16.3	53:12
40.0%	200000	589790.2069443446	716109.7538193446	297.00312570178534	0.9626389289889488	16.3	53:06
40.2%	201000	591018.9003037196	719251.0799912196	301.50011716261145	0.9626389289889488	16.3	52:59
40.4%	202000	589391.3280380946	716777.8592880946	299.51182449219147	0.9626389289889488	16.2	52:52
40.6%	203000	588410.0956162196	716313.3299912196	300.72669936295665	0.9626389289889488	16.2	52:45
40.8%	204000	588100.9520615321	716098.4989365321	300.9484473662207	0.9626389289889488	16.2	52:38
41.0%	205000	591597.3651474696	718976.3026474696	299.4939700306961	0.9626389289889488	16.2	52:31
41.2%	206000	592419.4969834071	720220.4501084071	300.48621519639494	0.9626389289889488	16.2	52:24
41.4%	207000	593274.1688584071	720321.2704209071	298.71375577964903	0.9626389289889488	16.1	52:17
41.6%	208000	592320.2460068446	719356.4960068446	298.68824153374663	0.9626389289889488	16.1	52:10
41.8%	209000	592733.7206162196	718937.9706162196	296.7320391351708	0.9626389289889488	16.1	52:03
42.0%	210000	593580.8290146571	720408.5633896571	298.1979785941246	0.9626389289889488	16.1	51:55
42.2%	211000	591867.3319443446	719279.1913193446	299.57137610141797	0.9626389289889488	16.1	51:48
42.4%	212000	593446.0145615321	721001.7098740321	299.9095638489407	0.9626389289889488	16	51:41
42.6%	213000	590624.5350693446	717935.7538193446	299.3347493802411	0.9626389289889488	16	51:33
42.8%	214000	591093.5838974696	718409.5057724696	299.34580739034425	0.9626389289889488	16	51:26
43.0%	215000	590955.9432724696	717813.0995224696	298.26715544802556	0.9626389289889488	16	51:18
43.2%	216000	591049.9256943446	717480.5194443446	297.26421964797447	0.9626389289889488	16	51:10
43.4%	217000	590088.1913193446	716295.4647568446	296.7391478559514	0.9626389289889488	16	51:02
43.6%	218000	590869.0546005946	718184.9530380946	299.3457522839816	0.9626389289889488	16	50:54
43.8%	219000	590366.5643662196	717911.4628037196	299.88417818455116	0.9626389289889488	15.9	50:45
44.0%	220000	591597.3426865321	719684.3583115321	301.15880672120574	0.9626389289889488	15.9	50:37
44.2%	221000	592465.2176865321	719282.9989365321	298.17457675879007	0.9626389289889488	15.9	50:28
44.4%	222000	592297.1337021571	719434.2587021571	298.9254193185499	0.9626389289889488	15.9	50:19
44.6%	223000	591652.7342880946	718792.4530380946	298.93151775601547	0.9626389289889488	15.9	50:11
44.8%	224000	594164.9549912196	720512.6346787196	297.0692717057411	0.9626389289889488	15.9	50:02
45.0%	225000	592617.3641709071	719312.8172959071	297.8869582833835	0.9626389289889488	15.9	49:54
45.2%	226000	593520.6210068446	720469.3085068446	298.482364162923	0.9626389289889488	15.9	49:45
45.4%	227000	592554.0897568446	719669.8553818446	298.8751990533972	0.9626389289889488	15.8	49:36
45.6%	228000	591798.6219834071	719883.0829209071	301.152800127678	0.9626389289889488	15.8	49:28
45.8%	229000	590708.5819443446	717960.6600693446	299.1956976585124	0.9626389289889488	15.8	49:19
46.0%	230000	590312.6864365321	717205.5067490321	298.35100896317635	0.9626389289889488	15.8	49:11
46.2%	231000	590003.5526474696	717958.5213974696	300.84833747409107	0.9626389289889488	15.8	49:03
46.4%	232000	587722.7108505946	714460.9452255946	297.9875457639893	0.9626389289889488	15.8	48:54
46.6%	233000	587845.9452255946	716059.6874130946	301.4567668240012	0.9626389289889488	15.8	48:45
46.8%	234000	590410.4754990321	717918.3504990321	299.7971285003672	0.9626389289889488	15.8	48:36
47.0%	235000	589620.3280380946	717744.9686630946	301.2472708020308	0.9626389289889488	15.8	48:27
47.2%	236000	589781.8378037196	716677.2128037196	298.35701555670414	0.9626389289889488	15.7	48:18
47.4%	237000	588932.5995224696	715496.8260849696	297.57841775896117	0.9626389289889488	15.7	48:09
47.6%	238000	590346.4969834071	717792.3329209071	299.6512619584587	0.9626389289889488	15.7	48:00
47.8%	239000	587219.1766709071	714470.4032334071	299.1936954606698	0.9626389289889488	15.7	47:51
48.0%	240000	586210.2577255946	713348.1874130946	298.92731130366724	0.9626389289889488	15.7	47:42
48.2%	241000	586000.0321396571	712257.5243271571	296.85722242230173	0.9626389289889488	15.7	47:34
48.4%	242000	586555.3954209071	715509.9657334071	303.1986054719068	0.9626389289889488	15.7	47:24
48.6%	243000	586785.4325302821	713936.8231552821	298.9589607246103	0.9626389289889488	15.7	47:15
48.8%	244000	584204.9608505946	711671.2889755946	299.6994432881938	0.9626389289889488	15.7	47:06
49.0%	245000	586859.7596787196	713368.5174912196	297.4479993673794	0.9626389289889488	15.6	46:57
49.2%	246000	586562.0301865321	714381.7723740321	300.53039213044485	0.9626389289889488	15.6	46:47
49.4%	247000	587562.8631943446	715002.3631943446	299.63636487175825	0.9626389289889488	15.6	46:38
49.6%	248000	587692.4901474696	715804.4823349696	301.21753173499263	0.9626389289889488	15.6	46:29
49.8%	249000	587811.0126084071	715888.1766709071	301.13564368010935	0.9626389289889488	15.6	46:20
50.0%	250000	587436.4842880946	714393.9530380946	298.50301068012544	0.9626389289889488	15.6	46:12
50.2%	251000	588198.9794052821	715246.3231552821	298.714325212063	0.9626389289889488	15.6	46:02
50.4%	252000	586959.8778427821	714941.7997177821	300.91170979112724	0.9626389289889488	15.6	45:53
50.6%	253000	585988.3631943446	714084.2303818446	301.1796185574962	0.9626389289889488	15.6	45:44
50.8%	254000	585826.8963974696	713798.2557724696	300.8868751903641	0.9626389289889488	15.5	45:35
51.0%	255000	587515.3583115321	714886.1239365321	299.4747562789222	0.9626389289889488	15.5	45:25
51.2%	256000	587974.6424912196	715094.9315537196	298.88583458138675	0.9626389289889488	15.5	45:16
51.4%	257000	589113.4090927821	716794.2215927821	300.2037399815015	0.9626389289889488	15.5	45:07
51.6%	258000	588037.2518662196	714120.9549912196	296.4486087433249	0.9626389289889488	15.5	44:57
51.8%	259000	586467.1268662196	713887.0956162196	299.5904429028915	0.9626389289889488	15.5	44:47
52.0%	260000	588027.1454209071	714932.1922959071	298.379756115687	0.9626389289889488	15.5	44:38
52.2%	261000	587856.0594834071	714772.3251084071	298.4061336946041	0.9626389289889488	15.5	44:28
52.4%	262000	587607.6483505946	714856.9608505946	299.1891951077209	0.9626389289889488	15.5	44:18
52.6%	263000	586517.4754990321	713547.6473740321	298.6739506170353	0.9626389289889488	15.5	44:08
52.8%	264000	585293.8182724696	712698.7948349696	299.5551931995893	0.9626389289889488	15.5	43:58
53.0%	265000	584185.9188584071	712245.9188584071	301.0952874538692	0.9626389289889488	15.4	43:49
53.2%	266000	585612.8407334071	712563.4422959071	298.4868645158719	0.9626389289889488	15.4	43:39
53.4%	267000	586307.7342880946	713990.4530380946	300.20822196566286	0.9626389289889488	15.4	43:29
53.6%	268000	586818.8963974696	714257.6463974696	299.6346014681538	0.9626389289889488	15.4	43:19
53.8%	269000	585706.7948349696	712580.6854599696	298.3065013909506	0.9626389289889488	15.4	43:09
54.0%	270000	584802.5350693446	711791.2460068446	298.5764674615248	0.9626389289889488	15.4	42:59
54.2%	271000	585135.6493271571	712418.4696396571	299.2679788375088	0.9626389289889488	15.4	42:49
54.4%	272000	585339.7909287196	712491.5956162196	298.95993427035023	0.9626389289889488	15.4	42:39
54.6%	273000	586593.7147568446	713904.0428818446	299.33265533846077	0.9626389289889488	15.4	42:29
54.8%	274000	586939.8837021571	714478.1024521571	299.86847287119866	0.9626389289889488	15.4	42:19
55.0%	275000	584536.9549912196	711391.5331162196	298.2610937481351	0.9626389289889488	15.4	42:09
55.2%	276000	586080.2518662196	712183.1424912196	296.49372248553965	0.9626389289889488	15.4	41:59
55.4%	277000	584883.4950302821	712018.9325302821	298.9214516604398	0.9626389289889488	15.4	41:49
55.6%	278000	586113.2518662196	713387.9549912196	299.2488936672477	0.9626389289889488	15.3	41:39
55.8%	279000	586363.1288193446	714285.7225693446	300.7722172184975	0.9626389289889488	15.3	41:29
56.0%	280000	584816.5213974696	711906.3495224696	298.8142146787421	0.9626389289889488	15.3	41:19
56.2%	281000	586566.6034287196	714500.3456162196	300.7984294783266	0.9626389289889488	15.3	41:09
56.4%	282000	588677.1034287196	715768.7049912196	298.81838439351515	0.9626389289889488	15.3	40:59
56.6%	283000	584060.1610459071	711089.3719834071	298.67169125616704	0.9626389289889488	15.3	40:50
56.8%	284000	586076.7264755946	713228.7342880946	298.96041185882643	0.9626389289889488	15.3	40:40
57.0%	285000	583780.2674912196	711782.6893662196	300.9599094896499	0.9626389289889488	15.3	40:30
57.2%	286000	585860.2362412196	712059.1659287196	296.71952999085147	0.9626389289889488	15.3	40:20
57.4%	287000	583449.1561630946	710566.4139755946	298.8787074918186	0.9626389289889488	15.3	40:10
57.6%	288000	582607.7284287196	709078.0878037196	297.35771677658727	0.9626389289889488	15.3	40:00
57.8%	289000	582500.5409287196	708945.4940537196	297.2979814794853	0.9626389289889488	15.3	39:50
58.0%	290000	583658.4100693446	711310.6678818446	300.1366020630182	0.9626389289889488	15.2	39:39
58.2%	291000	583085.1717880946	710908.2342880946	300.5381988651522	0.9626389289889488	15.2	39:29
58.4%	292000	585558.7772568446	712447.6600693446	298.3417510942528	0.9626389289889488	15.2	39:19
58.6%	293000	583033.2128037196	709527.6190537196	297.4142559046561	0.9626389289889488	15.2	39:08
58.8%	294000	584719.9286240321	712271.6942490321	299.9003243488047	0.9626389289889488	15.2	38:58
59.0%	295000	583535.3163193446	710824.8241318446	299.2837025196487	0.9626389289889488	15.2	38:48
59.2%	296000	584952.2196396571	712096.1727646571	298.9414736388658	0.9626389289889488	15.2	38:38
59.4%	297000	587812.5409287196	716053.9706162196	301.5218658070668	0.9626389289889488	15.2	38:27
59.6%	298000	588587.5907334071	716824.0047959071	301.5100730454618	0.9626389289889488	15.2	38:17
59.8%	299000	588763.1463974696	717092.2948349696	301.72811055364133	0.9626389289889488	15.2	38:07
60.0%	300000	586629.4715927821	713810.0653427821	299.02762325245993	0.9626389289889488	15.2	37:57
60.2%	301000	586354.5555771571	714379.3368271571	301.0124809596086	0.9626389289889488	15.2	37:47
60.4%	302000	587666.9139755946	715276.8202255946	300.0370248657274	0.9626389289889488	15.2	37:36
60.6%	303000	587496.4628037196	714679.1346787196	299.0325093499473	0.9626389289889488	15.2	37:26
60.8%	304000	588298.6756943446	716581.3944443446	301.61894484925125	0.9626389289889488	15.1	37:16
61.0%	305000	589002.3397568446	717020.4647568446	300.9968307526188	0.9626389289889488	15.1	37:06
61.2%	306000	590303.3768662196	718887.9081162196	302.3285678497562	0.9626389289889488	15.1	36:56
61.4%	307000	588348.0262802821	716081.7762802821	300.32820688591806	0.9626389289889488	15.1	36:45
61.6%	308000	589686.3387802821	716747.1044052821	298.7458827890683	0.9626389289889488	15.1	36:35
61.8%	309000	588855.0819443446	715820.7069443446	298.52218769432426	0.9626389289889488	15.1	36:25
62.0%	310000	588745.5585068446	714805.9725693446	296.3938513876481	0.9626389289889488	15.1	36:14
62.2%	311000	590699.2811630946	718448.7499130946	300.3651648864621	0.9626389289889488	15.1	36:04
62.4%	312000	589254.4432724696	715720.0760849696	297.3466036601215	0.9626389289889488	15.1	35:54
62.6%	313000	588445.2860459071	715273.2079209071	298.1984194450257	0.9626389289889488	15.1	35:43
62.8%	314000	589244.6258896571	716272.5555771571	298.66867877500937	0.9626389289889488	15.1	35:33
63.0%	315000	589136.3758896571	716702.3837021571	299.9338106485024	0.9626389289889488	15.1	35:22
63.2%	316000	588743.2840927821	716261.8622177821	299.82229373930625	0.9626389289889488	15.1	35:12
63.4%	317000	589252.3778427821	716247.6590927821	298.5919156118516	0.9626389289889488	15	35:02
63.6%	318000	587690.0370224696	714757.0213974696	298.76050434395546	0.9626389289889488	15	34:51
63.8%	319000	588149.8944443446	715407.3319443446	299.20829864676944	0.9626389289889488	15	34:41
64.0%	320000	588863.3495224696	716605.9745224696	300.34907382857114	0.9626389289889488	15	34:30
64.2%	321000	586444.3212021571	713828.3993271571	299.50605669290184	0.9626389289889488	15	34:20
64.4%	322000	586588.0477646571	714400.3446396571	300.5128866759128	0.9626389289889488	15	34:09
64.6%	323000	586527.6385849696	713448.1229599696	298.4160528398793	0.9626389289889488	15	33:58
64.8%	324000	587367.1874130946	714080.3671005946	297.92863706232697	0.9626389289889488	15	33:48
65.0%	325000	587779.6864365321	715497.2567490321	300.2901651269088	0.9626389289889488	15	33:37
65.2%	326000	586059.0340927821	712962.9169052821	298.3770191663425	0.9626389289889488	15	33:27
65.4%	327000	586901.9901474696	715038.8182724696	301.27592611060373	0.9626389289889488	15	33:16
65.6%	328000	586255.4051865321	712706.7489365321	297.3130071476986	0.9626389289889488	15	33:05
65.8%	329000	587723.8553818446	715171.9491318446	299.65657053805967	0.9626389289889488	15	32:55
66.0%	330000	585909.0370224696	713328.0213974696	299.58812843566056	0.9626389289889488	15	32:44
66.2%	331000	585523.9325302821	713132.1669052821	300.0330939451924	0.9626389289889488	14.9	32:33
66.4%	332000	587364.1161240321	713686.4598740321	297.0097017277271	0.9626389289889488	14.9	32:23
66.6%	333000	587719.0585068446	714785.7772568446	298.75987980517885	0.9626389289889488	14.9	32:12
66.8%	334000	586393.3124130946	714503.5780380946	301.2134722329448	0.9626389289889488	14.9	32:01
67.0%	335000	588541.1971787196	715735.4159287196	299.05965841794136	0.9626389289889488	14.9	31:50
67.2%	336000	589768.2176865321	716533.7801865321	298.05179978282774	0.9626389289889488	14.9	31:40
67.4%	337000	590501.7919052821	718431.8856552821	300.7898512545423	0.9626389289889488	14.9	31:29
67.6%	338000	589858.1844834071	716602.5438584071	298.00194689342595	0.9626389289889488	14.9	31:18
67.8%	339000	587585.6034287196	716273.1034287196	302.570668469622	0.9626389289889488	14.9	31:07
68.0%	340000	587841.1258896571	715374.6883896571	299.85752507382085	0.9626389289889488	14.9	30:56
68.2%	341000	588451.0428818446	715223.1288193446	298.0671377204293	0.9626389289889488	14.9	30:45
68.4%	342000	587014.5379990321	714127.1004990321	298.867667850503	0.9626389289889488	14.9	30:35
68.6%	343000	588442.7547959071	715499.8954209071	298.7373596716466	0.9626389289889488	14.9	30:24
68.8%	344000	588148.7743271571	715659.4774521571	299.80377800145914	0.9626389289889488	14.9	30:13
69.0%	345000	588320.1708115321	715343.2958115321	298.65738197066815	0.9626389289889488	14.9	30:02
69.2%	346000	588327.6444443446	715868.9881943446	299.87582038621736	0.9626389289889488	14.9	29:51
69.4%	347000	591182.1190537196	718884.6346787196	300.2547684733063	0.9626389289889488	14.8	29:40
69.6%	348000	590962.0262802821	718500.0106552821	299.86792180757226	0.9626389289889488	14.8	29:29
69.8%	349000	587273.8749130946	713600.9530380946	297.0208332129804	0.9626389289889488	14.8	29:18
70.0%	350000	588410.5780380946	715720.4999130946	299.33170016150837	0.9626389289889488	14.8	29:07
70.2%	351000	588450.7577255946	714826.9217880946	297.1362443051365	0.9626389289889488	14.8	28:56
70.4%	352000	588060.3729599696	714892.6542099696	298.20866922847677	0.9626389289889488	14.8	28:45
70.6%	353000	587040.5585068446	715168.6053818446	301.2552795934012	0.9626389289889488	14.8	28:34
70.8%	354000	588397.0643662196	715530.0487412196	298.9156838611501	0.9626389289889488	14.8	28:23
71.0%	355000	589006.5428818446	715288.4491318446	296.9146248833852	0.9626389289889488	14.8	28:12
71.2%	356000	589994.1678818446	717719.0428818446	300.307339943265	0.9626389289889488	14.8	28:01
71.4%	357000	591439.3085068446	719137.9647568446	300.2456942922582	0.9626389289889488	14.8	27:50
71.6%	358000	593221.9061630946	720879.1327255946	300.1482846118979	0.9626389289889488	14.8	27:39
71.8%	359000	593250.2157334071	721007.4657334071	300.3834601988586	0.9626389289889488	14.8	27:28
72.0%	360000	590105.4286240321	717263.6551865321	298.9750334137136	0.9626389289889488	14.8	27:17
72.2%	361000	590015.3114365321	717319.8661240321	299.31908080446374	0.9626389289889488	14.8	27:06
72.4%	362000	590327.0868271571	716503.4618271571	296.6664993012041	0.9626389289889488	14.8	26:55
72.6%	363000	589253.8817490321	715931.6473740321	297.8453713483777	0.9626389289889488	14.8	26:44
72.8%	364000	587878.7850693446	714148.9881943446	296.8871084396402	0.9626389289889488	14.8	26:32
73.0%	365000	588696.4120224696	715227.9588974696	297.5015811206532	0.9626389289889488	14.7	26:21
73.2%	366000	587995.8866318446	715987.1131943446	300.9335870170954	0.9626389289889488	14.7	26:10
73.4%	367000	590489.2235459071	717833.5360459071	299.41255956428904	0.9626389289889488	14.7	25:59
73.6%	368000	589161.6249130946	717202.0077255946	301.0491634283394	0.9626389289889488	14.7	25:48
73.8%	369000	587981.2362412196	715707.2206162196	300.30994831109666	0.9626389289889488	14.7	25:37
74.0%	370000	589093.7665146571	716362.7977646571	299.2355579274888	0.9626389289889488	14.7	25:25
74.2%	371000	587812.4217880946	715901.7655380946	301.1642806198947	0.9626389289889488	14.7	25:14
74.4%	372000	585859.8661240321	712696.1629990321	298.2181107852758	0.9626389289889488	14.7	25:03
74.6%	373000	586820.2635849696	713322.2792099696	297.4321471037266	0.9626389289889488	14.7	24:52
74.8%	374000	585508.2938584071	712609.9969834071	298.8421352358131	0.9626389289889488	14.7	24:41
75.0%	375000	585764.8651474696	711681.1385849696	296.0549472574111	0.9626389289889488	14.7	24:29
75.2%	376000	587261.5516709071	714195.7157334071	298.44821658687357	0.9626389289889488	14.7	24:18
75.4%	377000	587263.2401474696	713921.2088974696	297.79882484073426	0.9626389289889488	14.7	24:07
75.6%	378000	585870.6708115321	712868.5145615321	298.59794057416696	0.9626389289889488	14.7	23:55
75.8%	379000	589041.1766709071	715826.1141709071	298.09735437594367	0.9626389289889488	14.7	23:44
76.0%	380000	585830.7196396571	713290.1571396571	299.6832420175775	0.9626389289889488	14.7	23:33
76.2%	381000	584245.1346787196	711503.5409287196	299.21057637642525	0.9626389289889488	14.7	23:21
76.4%	382000	585817.2606552821	712409.4169052821	297.6440861744407	0.9626389289889488	14.7	23:10
76.6%	383000	586523.3954209071	713280.6766709071	298.0323288680283	0.9626389289889488	14.7	22:59
76.8%	384000	586456.7049912196	712359.9706162196	296.0243632261458	0.9626389289889488	14.7	22:47
77.0%	385000	588041.8749130946	714492.8905380946	297.3122356586216	0.9626389289889488	14.6	22:36
77.2%	386000	586728.2811630946	713092.8749130946	297.10904013077976	0.9626389289889488	14.6	22:25
77.4%	387000	585419.5702255946	712989.3514755946	299.94268277288745	0.9626389289889488	14.6	22:13
77.6%	388000	586392.0760849696	712836.3417099696	297.2963650261812	0.9626389289889488	14.6	22:02
77.8%	389000	587456.5213974696	714583.1698349696	298.9007867744498	0.9626389289889488	14.6	21:51
78.0%	390000	585656.5360459071	714070.8172959071	301.928275231538	0.9626389289889488	14.6	21:39
78.2%	391000	586286.0838974696	713406.9432724696	298.88717550287765	0.9626389289889488	14.6	21:28
78.4%	392000	587301.6835068446	714858.4022568446	299.9119701601093	0.9626389289889488	14.6	21:16
78.6%	393000	585344.5174912196	712843.4784287196	299.7761697137764	0.9626389289889488	14.6	21:05
78.8%	394000	583938.6151474696	711127.7557724696	299.04771870603605	0.9626389289889488	14.6	20:53
79.0%	395000	584042.5868271571	711731.6024521571	300.22302720842555	0.9626389289889488	14.6	20:42
79.2%	396000	582144.3163193446	709235.3475693446	298.81704347202424	0.9626389289889488	14.6	20:31
79.4%	397000	582559.0546005946	709442.5936630946	298.3291868435708	0.9626389289889488	14.6	20:19
79.6%	398000	583855.4491318446	711398.4647568446	299.8797513067524	0.9626389289889488	14.6	20:08
79.8%	399000	583209.9120224696	710585.5917099696	299.4863102462891	0.9626389289889488	14.6	19:56
80.0%	400000	585935.9608505946	712557.7342880946	297.7137222480303	0.9626389289889488	14.6	19:45
80.2%	401000	586785.8963974696	714485.3807724696	300.24764138373814	0.9626389289889488	14.6	19:33
80.4%	402000	588137.2518662196	714666.2206162196	297.4955194207628	0.9626389289889488	14.6	19:22
80.6%	403000	585677.6307724696	712961.6932724696	299.2708994747287	0.9626389289889488	14.6	19:10
80.8%	404000	586368.1678818446	713289.1756943446	298.41728354864495	0.9626389289889488	14.6	18:59
81.0%	405000	586955.0331162196	714526.1424912196	299.9458054667704	0.9626389289889488	14.6	18:47
81.2%	406000	587002.7206162196	714066.4628037196	298.75288129712357	0.9626389289889488	14.6	18:35
81.4%	407000	586005.8963974696	713010.8807724696	298.6147296459846	0.9626389289889488	14.6	18:24
81.6%	408000	586278.3944443446	712316.6131943446	296.34166566222785	0.9626389289889488	14.5	18:12
81.8%	409000	584625.8387802821	711389.8231552821	298.0480892877433	0.9626389289889488	14.5	18:01
82.0%	410000	586088.0995224696	713323.4198349696	299.1562966092247	0.9626389289889488	14.5	17:49
82.2%	411000	586263.8729599696	713401.7323349696	298.92714598457934	0.9626389289889488	14.5	17:37
82.4%	412000	584704.9530380946	712129.4842880946	299.60117027481874	0.9626389289889488	14.5	17:26
82.6%	413000	584596.2801865321	711271.2176865321	297.8387218472858	0.9626389289889488	14.5	17:14
82.8%	414000	583778.6932724696	710367.6307724696	297.63651823397146	0.9626389289889488	14.5	17:02
83.0%	415000	583833.8651474696	710757.2635849696	298.42290439763417	0.9626389289889488	14.5	16:50
83.2%	416000	585145.8251084071	712555.0282334071	299.5651307136521	0.9626389289889488	14.5	16:39
83.4%	417000	584326.2938584071	712482.2626084071	301.32092964009314	0.9626389289889488	14.5	16:27
83.6%	418000	585396.2557724696	711692.3182724696	296.94790912641986	0.9626389289889488	14.5	16:15
83.8%	419000	585290.6102646571	712485.8524521571	299.06206472911003	0.9626389289889488	14.5	16:04
84.0%	420000	585830.3944443446	713176.5428818446	299.41687622936246	0.9626389289889488	14.5	15:52
84.2%	421000	586688.2723740321	713227.1083115321	297.5187191994344	0.9626389289889488	14.5	15:40
84.4%	422000	586851.4881943446	713975.0663193446	298.8935678409439	0.9626389289889488	14.5	15:28
84.6%	423000	586880.6268662196	713997.9081162196	298.87876259818125	0.9626389289889488	14.5	15:17
84.8%	424000	587824.9754990321	715493.3973740321	300.17460708445236	0.9626389289889488	14.5	15:05
85.0%	425000	586295.4520615321	714280.6551865321	300.91942468189694	0.9626389289889488	14.5	14:53
85.2%	426000	586027.7342880946	712731.3124130946	297.9060618224321	0.9626389289889488	14.5	14:42
85.4%	427000	585680.0438584071	712279.4110459071	297.6610405653463	0.9626389289889488	14.5	14:30
85.6%	428000	587648.4354599696	714855.1698349696	299.08908521559124	0.9626389289889488	14.5	14:18
85.8%	429000	585840.6063584071	713540.0829209071	300.2476230149506	0.9626389289889488	14.5	14:06
86.0%	430000	586545.3885849696	713731.1620224696	299.03980175860335	0.9626389289889488	14.5	13:54
86.2%	431000	585997.5272568446	713485.3866318446	299.7500676666725	0.9626389289889488	14.5	13:43
86.4%	432000	586694.6210068446	713876.7460068446	299.03122353481905	0.9626389289889488	14.5	13:31
86.6%	433000	587976.8348740321	715177.8504990321	299.07563926310706	0.9626389289889488	14.5	13:19
86.8%	434000	586860.4911240321	714789.6629990321	300.78768373761176	0.9626389289889488	14.5	13:07
87.0%	435000	586851.6004990321	712557.6942490321	295.56077176604157	0.9626389289889488	14.5	12:56
87.2%	436000	586009.2303818446	712953.7460068446	298.472555230373	0.9626389289889488	14.5	12:44
87.4%	437000	587013.1542099696	714203.0370224696	299.04946374085296	0.9626389289889488	14.5	12:32
87.6%	438000	585506.0575302821	713270.5106552821	300.4003962209767	0.9626389289889488	14.5	12:20
87.8%	439000	587097.3387802821	714128.7919052821	298.67696309819297	0.9626389289889488	14.5	12:08
88.0%	440000	586269.8485459071	713362.4579209071	298.82075396710866	0.9626389289889488	14.5	11:56
88.2%	441000	583988.7899521571	711181.2665146571	299.0555621783185	0.9626389289889488	14.5	11:45
88.4%	442000	583677.5233505946	711557.9217880946	300.67300739695764	0.9626389289889488	14.5	11:33
88.6%	443000	584192.0389755946	711576.0389755946	299.50587300502633	0.9626389289889488	14.5	11:21
88.8%	444000	584397.1688584071	711811.3329209071	299.5767948937443	0.9626389289889488	14.5	11:09
89.0%	445000	585848.8788193446	714218.3475693446	301.82291186617	0.9626389289889488	14.4	10:57
89.2%	446000	585864.9745224696	712994.4042099696	298.90732606281637	0.9626389289889488	14.4	10:45
89.4%	447000	588247.8534287196	715008.8221787196	298.04099893575034	0.9626389289889488	14.4	10:34
89.6%	448000	585787.0702255946	712121.8827255946	297.03901831265165	0.9626389289889488	14.4	10:22
89.8%	449000	587224.1131943446	713492.7069443446	296.88332446940564	0.9626389289889488	14.4	10:10
90.0%	450000	586613.7421005946	713946.0077255946	299.38423489389197	0.9626389289889488	14.4	9:58
90.2%	451000	586452.1141709071	713382.0985459071	298.4383892855361	0.9626389289889488	14.4	9:46
90.4%	452000	585894.7928818446	713877.7694443446	300.9141895774461	0.9626389289889488	14.4	9:34
90.6%	453000	587515.1698349696	714931.0135849696	299.58074418306677	0.9626389289889488	14.4	9:22
90.8%	454000	586036.7782334071	712747.3954209071	297.9226121000117	0.9626389289889488	14.4	9:10
91.0%	455000	588702.6756943446	714725.9100693446	296.30643432771325	0.9626389289889488	14.4	8:59
91.2%	456000	589574.6268662196	716301.7284287196	297.96137024173527	0.9626389289889488	14.4	8:47
91.4%	457000	590155.0995224696	718508.7479599696	301.7857150713879	0.9626389289889488	14.4	8:35
91.6%	458000	591510.6044052821	718913.0731552821	299.54929681878684	0.9626389289889488	14.4	8:23
91.8%	459000	590475.0467880946	718341.2186630946	300.63955783483505	0.9626389289889488	14.4	8:11
92.0%	460000	591007.9012802821	718288.7997177821	299.26346011577226	0.9626389289889488	14.4	7:59
92.2%	461000	590127.4344834071	717466.1844834071	299.39948098755576	0.9626389289889488	14.4	7:47
92.4%	462000	590220.4911240321	716726.4129990321	297.44133149749996	0.9626389289889488	14.4	7:35
92.6%	463000	589392.1629990321	717597.5067490321	301.4370203773885	0.9626389289889488	14.4	7:23
92.8%	464000	588632.9833115321	715375.7333115321	297.9981629231914	0.9626389289889488	14.4	7:11
93.0%	465000	587582.2948349696	715123.8104599696	299.87622449954335	0.9626389289889488	14.4	6:59
93.2%	466000	589892.5506943446	716947.2225693446	298.7315551347818	0.9626389289889488	14.4	6:47
93.4%	467000	590950.1454209071	718546.4344834071	300.00500806903347	0.9626389289889488	14.4	6:36
93.6%	468000	588767.8436630946	715697.4842880946	298.43758105888406	0.9626389289889488	14.4	6:24
93.8%	469000	590174.1971787196	718263.3690537196	301.16387650656867	0.9626389289889488	14.4	6:12
94.0%	470000	591228.8778427821	717985.5575302821	298.0309144713871	0.9626389289889488	14.4	6:00
94.2%	471000	592661.0643662196	719647.3690537196	298.57080987496045	0.9626389289889488	14.4	5:48
94.4%	472000	594167.7108505946	721986.0702255946	300.5271408550491	0.9626389289889488	14.4	5:36
94.6%	473000	593799.6395615321	720885.4364365321	298.8047363843679	0.9626389289889488	14.4	5:24
94.8%	474000	525122.0487412196	652085.5487412196	298.5171913841115	0.9626389289889488	14.4	5:12
95.0%	475000	523695.77530371957	651187.3924912196	299.75890305348247	0.9626389289889488	14.4	5:00
95.2%	476000	525840.9608505946	653666.1014755946	300.5430849626396	0.9626389289889488	14.4	4:48
95.4%	477000	526946.1327255946	654960.9139755946	300.9889689115488	0.9626389289889488	14.4	4:36
95.6%	478000	528060.8807724696	655742.4745224696	300.20557686025614	0.9626389289889488	14.4	4:24
95.8%	479000	528349.0155380946	655151.6092880946	298.13886783579926	0.9626389289889488	14.4	4:12
96.0%	480000	530249.4051865321	657940.9364365321	300.2289419580156	0.9626389289889488	14.4	4:00
96.2%	481000	531708.1356552821	659447.0106552821	300.34025681054874	0.9626389289889488	14.4	3:48
96.4%	482000	531442.7958115321	659127.6708115321	300.2132917510258	0.9626389289889488	14.4	3:36
96.6%	483000	534488.1844834071	661134.6532334071	297.77178598546556	0.9626389289889488	14.4	3:24
96.8%	484000	535159.9520615321	661812.9520615321	297.7871422918546	0.9626389289889488	14.4	3:12
97.0%	485000	536042.7381943446	663273.1053818446	299.14465079792006	0.9626389289889488	14.4	3:00
97.2%	486000	534803.4569443446	662438.8944443446	300.0970540634301	0.9626389289889488	14.4	2:48
97.4%	487000	536329.0145615321	662665.4989365321	297.0429492331866	0.9626389289889488	14.4	2:36
97.6%	488000	536534.4969834071	664267.7938584071	300.32714149624036	0.9626389289889488	14.4	2:24
97.8%	489000	537590.7899521571	664989.0165146571	299.53932256714893	0.9626389289889488	14.4	2:12
98.0%	490000	537723.6405380946	665241.4530380946	299.82049359812663	0.9626389289889488	14.4	2:00
98.2%	491000	536885.7596787196	664338.2909287196	299.66700400938623	0.9626389289889488	14.4	1:48
98.4%	492000	538095.2694443446	666168.0506943446	301.1253387902957	0.9626389289889488	14.3	1:36
98.6%	493000	537453.6649521571	664424.8524521571	298.53526627105754	0.9626389289889488	14.3	1:24
98.8%	494000	539905.9198349696	667885.6307724696	300.90651142425156	0.9626389289889488	14.3	1:12
99.0%	495000	540157.8573349696	667658.4354599696	299.77997205279854	0.9626389289889488	14.3	1:00
99.2%	496000	540382.4374130946	667554.0936630946	299.00660935950646	0.9626389289889488	14.3	0:48
99.4%	497000	542414.9198349696	669671.2713974696	299.2057453853005	0.9626389289889488	14.3	0:36
99.6%	498000	542284.4315537196	669804.3846787196	299.82552664591447	0.9626389289889488	14.3	0:24
99.8%	499000	543256.2274521571	669517.1337021571	296.8652495824596	0.9626389289889488	14.3	0:12
100.0%	500000	543042.8553818446	670690.5428818446	300.1258563223034	0.9626389289889488	14.3	0:00
