#"Progress (%)"	"Step"	"Potential Energy (kJ/mole)"	"Total Energy (kJ/mole)"	"Temperature (K)"	"Density (g/mL)"	"Speed (ns/day)"	"Time Remaining"
0.2%	1000	2064304.2576304302	2356117.35138043	268.48718854676775	0.9718576464778367	0	--
0.4%	2000	2066454.1482554302	2394000.96075543	301.36455385007986	0.9718576464778367	32.3	44:22
0.6%	3000	2048846.6013804302	2377416.25763043	302.30563719637894	0.9718576464778367	31.1	46:04
0.8%	4000	2040462.1521616802	2367087.21466168	300.51648338530833	0.9718576464778367	30.9	46:16
1.0%	5000	2035328.6326304302	2361401.69513043	300.0086071753231	0.9718576464778367	30.7	46:24
1.2%	6000	2026774.7107554302	2351943.21075543	299.1763503380138	0.9718576464778367	30.5	46:37
1.4%	7000	2019685.1091929302	2344538.35919293	298.8862996583075	0.9718576464778367	30.1	47:11
1.6%	8000	2013647.5232554302	2338338.02325543	298.73655898226565	0.9718576464778367	29.8	47:33
1.8%	9000	2010468.3005991802	2335319.67559918	298.88457453531163	0.9718576464778367	29.6	47:50
2.0%	10000	2003282.4216929302	2327625.67169293	298.41706620342984	0.9718576464778367	29.4	47:59
2.2%	11000	1993341.8084116802	2316820.43341168	297.62155448593256	0.9718576464778367	29.2	48:11
2.4%	12000	1991468.9607554302	2315797.96075543	298.4039552686612	0.9718576464778367	29	48:22
2.6%	13000	1982558.8748179302	2309518.74981793	300.82453284827153	0.9718576464778367	28.9	48:35
2.8%	14000	1977798.5584116802	2305481.43341168	301.4897402754804	0.9718576464778367	28.7	48:47
3.0%	15000	1968003.5779429302	2293691.51544293	299.65426691197064	0.9718576464778367	28.5	49:02
3.2%	16000	1959898.1482554302	2285222.46075543	299.31970805897083	0.9718576464778367	28.3	49:19
3.4%	17000	1949789.7302866802	2276614.79278668	300.70049650486817	0.9718576464778367	28	49:40
3.6%	18000	1941412.1560679302	2269429.78106793	301.79773223434375	0.9718576464778367	27.8	49:58
3.8%	19000	1928388.6990366802	2255523.32403668	300.98531431148695	0.9718576464778367	27.5	50:18
4.0%	20000	1912712.8474741802	2241406.00372418	302.4192652977071	0.9718576464778367	27.3	50:39
4.2%	21000	1902898.9685679302	2231113.65606793	301.97904266121014	0.9718576464778367	27	51:03
4.4%	22000	1883385.7888804302	2211624.47638043	302.0011242355573	0.9718576464778367	26.8	51:26
4.6%	23000	1870662.8162241802	2198131.06622418	301.29227119655275	0.9718576464778367	26.5	51:48
4.8%	24000	1852778.6795054302	2181289.49200543	302.2514970863585	0.9718576464778367	26.3	52:12
5.0%	25000	1831018.5076304302	2159784.69513043	302.4864588383964	0.9718576464778367	26	52:37
5.2%	26000	1818123.3474741802	2146284.15997418	301.9294741271287	0.9718576464778367	25.7	53:01
5.4%	27000	1798914.2654429302	2128321.07794293	303.0758758619866	0.9718576464778367	25.5	53:31
5.6%	28000	1775385.6130991802	2105032.70684918	303.29695037390786	0.9718576464778367	25.2	53:55
5.8%	29000	1756141.7068491802	2085119.4880991802	302.6811389684808	0.9718576464778367	25	54:21
6.0%	30000	1734910.7459116802	2065966.1209116802	304.59266150405875	0.9718576464778367	24.7	54:46
6.2%	31000	1711122.1091929302	2041104.0466929302	303.60502858892096	0.9718576464778367	24.5	55:12
6.4%	32000	1693009.5388804302	2022216.5076304302	302.89200650267645	0.9718576464778367	24.2	55:36
6.6%	33000	1668798.8318491802	1999550.9880991802	304.313680363576	0.9718576464778367	24	55:59
6.8%	34000	1648146.1834116802	1977878.6834116802	303.3755297263699	0.9718576464778367	23.8	56:24
7.0%	35000	1630620.8670054302	1960650.8045054302	303.64919173761535	0.9718576464778367	23.6	56:47
7.2%	36000	1611003.4138804302	1939498.2888804302	302.23683354089354	0.9718576464778367	23.4	57:11
7.4%	37000	1589817.6873179302	1918144.3123179302	302.0820325040638	0.9718576464778367	23.2	57:35
7.6%	38000	1571466.3357554302	1900451.5232554302	302.6879532043145	0.9718576464778367	22.9	58:02
7.8%	39000	1560392.4255991802	1888681.9880991802	302.04793257284535	0.9718576464778367	22.7	58:31
8.0%	40000	1548917.0466929302	1878499.4216929302	303.2374048785003	0.9718576464778367	22.5	58:55
8.2%	41000	1537959.4177866802	1866882.5427866802	302.63085163315105	0.9718576464778367	22.3	59:17
8.4%	42000	1529756.8005991802	1857792.9255991802	301.81475344790306	0.9718576464778367	22.1	59:39
8.6%	43000	1517379.9295054302	1844227.0545054302	300.72079545211966	0.9718576464778367	21.9	1:00:00
8.8%	44000	1509209.0193491802	1839135.5193491802	303.55402245234296	0.9718576464778367	21.8	1:00:20
9.0%	45000	1502590.6404429302	1831174.5154429302	302.3187193790977	0.9718576464778367	21.6	1:00:39
9.2%	46000	1492838.6599741802	1822537.4099741802	303.3444775124442	0.9718576464778367	21.4	1:01:00
9.4%	47000	1490875.9529429302	1817286.3904429302	300.31901430638067	0.9718576464778367	21.3	1:01:19
9.6%	48000	1480120.5545054302	1807778.3670054302	301.4666811314356	0.9718576464778367	21.1	1:01:38
9.8%	49000	1475036.9021616802	1804120.2459116802	302.7782633931485	0.9718576464778367	21	1:01:57
10.0%	50000	1473028.0232554302	1801898.4607554302	302.582375676967	0.9718576464778367	20.8	1:02:14
10.2%	51000	1468605.9177866802	1795444.7615366802	300.71317615888785	0.9718576464778367	20.7	1:02:30
10.4%	52000	1463869.2420054302	1792285.9295054302	302.1648959119656	0.9718576464778367	20.5	1:02:47
10.6%	53000	1460483.3552866802	1787385.0427866802	300.77099653129955	0.9718576464778367	20.4	1:03:02
10.8%	54000	1460472.9060679302	1788621.9060679302	301.91860585225464	0.9718576464778367	20.3	1:03:19
11.0%	55000	1459045.8591929302	1785075.9216929302	299.9690443546177	0.9718576464778367	20.2	1:03:33
11.2%	56000	1454175.5193491802	1780938.8005991802	300.64365370215415	0.9718576464778367	20	1:03:48
11.4%	57000	1454625.2029429302	1781126.6404429302	300.4027402757804	0.9718576464778367	19.9	1:04:07
11.6%	58000	1451190.8787241802	1777816.1287241802	300.5166558976079	0.9718576464778367	19.8	1:04:23
11.8%	59000	1451075.0662241802	1778316.9412241802	301.08399134685095	0.9718576464778367	19.7	1:04:36
12.0%	60000	1448000.3396616802	1774122.9959116802	300.05423667856394	0.9718576464778367	19.6	1:04:48
12.2%	61000	1446319.4295054302	1773621.8357554302	301.13968406756777	0.9718576464778367	19.4	1:05:00
12.4%	62000	1448502.5662241802	1774460.6287241802	299.90279963157616	0.9718576464778367	19.3	1:05:12
12.6%	63000	1451947.3005991802	1777744.0505991802	299.7543815498312	0.9718576464778367	19.2	1:05:23
12.8%	64000	1445214.5662241802	1771693.3162241802	300.38186628753033	0.9718576464778367	19.1	1:05:35
13.0%	65000	1445547.0193491802	1773529.2693491802	301.76518491382166	0.9718576464778367	19	1:05:47
13.2%	66000	1453099.5076304302	1779396.8201304302	300.2149318856296	0.9718576464778367	18.9	1:05:58
13.4%	67000	1450042.4099741802	1776156.4099741802	300.046272360733	0.9718576464778367	18.9	1:06:08
13.6%	68000	1450897.5818491802	1776985.4255991802	300.02220689494055	0.9718576464778367	18.8	1:06:17
13.8%	69000	1452601.0037241802	1778402.3162241802	299.75857934912113	0.9718576464778367	18.7	1:06:29
14.0%	70000	1455707.1482554302	1782361.7732554302	300.5436828245433	0.9718576464778367	18.6	1:06:39
14.2%	71000	1457531.8474741802	1782523.3474741802	299.0134987272032	0.9718576464778367	18.5	1:06:47
14.4%	72000	1458113.9959116802	1786838.2146616802	302.4478448353388	0.9718576464778367	18.4	1:06:56
14.6%	73000	1462931.6873179302	1788883.7498179302	299.8972792379894	0.9718576464778367	18.3	1:07:05
14.8%	74000	1464913.5740366802	1790033.3552866802	299.13152589217094	0.9718576464778367	18.2	1:07:14
15.0%	75000	1469448.8748179302	1796654.2810679302	301.05043770458116	0.9718576464778367	18.2	1:07:24
15.2%	76000	1475873.1209116802	1801946.3084116802	300.0087221835228	0.9718576464778367	18.1	1:07:33
15.4%	77000	1477277.2810679302	1802909.6560679302	299.60314576719287	0.9718576464778367	18	1:07:38
15.6%	78000	1481970.3904429302	1808557.1091929302	300.4812046200427	0.9718576464778367	17.9	1:07:44
15.8%	79000	1488861.3474741802	1815617.0974741802	300.63672445812074	0.9718576464778367	17.9	1:07:50
16.0%	80000	1486542.8865366802	1811719.1365366802	299.18348084639666	0.9718576464778367	17.8	1:07:55
16.2%	81000	1485275.5662241802	1811025.2849741802	299.71110971468465	0.9718576464778367	17.7	1:08:00
16.4%	82000	1489507.8162241802	1815633.8162241802	300.0573131479066	0.9718576464778367	17.7	1:08:05
16.6%	83000	1491969.0232554302	1817447.1482554302	299.46122564873235	0.9718576464778367	17.6	1:08:10
16.8%	84000	1493057.8435679302	1819718.1560679302	300.5489156976308	0.9718576464778367	17.6	1:08:13
17.0%	85000	1497985.3826304302	1824324.2263804302	300.2531433599882	0.9718576464778367	17.5	1:08:17
17.2%	86000	1495572.6248179302	1822904.9373179302	301.1671997793519	0.9718576464778367	17.4	1:08:21
17.4%	87000	1493821.6990366802	1819124.9802866802	299.3003579293672	0.9718576464778367	17.4	1:08:24
17.6%	88000	1495487.2224741802	1820009.5349741802	298.5818154495358	0.9718576464778367	17.3	1:08:27
17.8%	89000	1497596.3865366802	1823195.7615366802	299.5727836024655	0.9718576464778367	17.3	1:08:29
18.0%	90000	1502398.9841929302	1828142.9529429302	299.70581933749736	0.9718576464778367	17.2	1:08:31
18.2%	91000	1503200.2185679302	1829761.1560679302	300.4574841788494	0.9718576464778367	17.2	1:08:32
18.4%	92000	1501383.4412241802	1826739.2537241802	299.3486901253015	0.9718576464778367	17.1	1:08:40
18.6%	93000	1504934.8865366802	1830548.3240366802	299.58572202493457	0.9718576464778367	17	1:08:50
18.8%	94000	1503849.4138804302	1829969.1013804302	300.05150523382054	0.9718576464778367	16.9	1:09:05
19.0%	95000	1504848.6482554302	1830465.1482554302	299.58853972582784	0.9718576464778367	16.8	1:09:22
19.2%	96000	1508898.4490366802	1835450.7927866802	300.44957736511833	0.9718576464778367	16.7	1:09:37
19.4%	97000	1506137.3826304302	1830996.0701304302	298.8913025149955	0.9718576464778367	16.5	1:10:18
19.6%	98000	1507037.9607554302	1832580.7107554302	299.52068488799017	0.9718576464778367	16.4	1:10:26
19.8%	99000	1508117.8943491802	1832238.2693491802	298.2120065833203	0.9718576464778367	16.4	1:10:37
20.0%	100000	1505830.5740366802	1832154.6052866802	300.2395148883208	0.9718576464778367	16.3	1:10:50
20.2%	101000	1506691.0779429302	1833324.4529429302	300.52413143059005	0.9718576464778367	16.2	1:11:04
20.4%	102000	1507741.3240366802	1834105.8865366802	300.2768062970816	0.9718576464778367	16	1:11:37
20.6%	103000	1508935.2146616802	1835410.7771616802	300.37893357843734	0.9718576464778367	16	1:11:40
20.8%	104000	1508268.8982554302	1833318.7107554302	299.0671500523749	0.9718576464778367	15.9	1:11:52
21.0%	105000	1508468.8982554302	1833271.3357554302	298.8395488251193	0.9718576464778367	15.8	1:12:00
21.2%	106000	1507518.2498179302	1834449.0623179302	300.7977934418355	0.9718576464778367	15.6	1:12:35
21.4%	107000	1508172.1482554302	1834060.9607554302	299.8390850889286	0.9718576464778367	15.6	1:12:32
21.6%	108000	1506011.1287241802	1831271.5662241802	299.2609388689114	0.9718576464778367	15.6	1:12:34
21.8%	109000	1504391.6951304302	1830732.3201304302	300.25478222683427	0.9718576464778367	15.5	1:12:38
22.0%	110000	1504843.2732554302	1831052.5857554302	300.1339661130233	0.9718576464778367	15.4	1:12:43
22.2%	111000	1503510.3123179302	1829584.5623179302	300.0096997532205	0.9718576464778367	15.4	1:12:51
22.4%	112000	1500521.3201304302	1826938.9451304302	300.32562727786484	0.9718576464778367	15.3	1:12:56
22.6%	113000	1499875.1482554302	1825614.0857554302	299.7011902574584	0.9718576464778367	15.2	1:13:16
22.8%	114000	1497033.9646616802	1822404.8084116802	299.36251986131845	0.9718576464778367	15.2	1:13:22
23.0%	115000	1498279.5466929302	1823054.6404429302	298.8143907814295	0.9718576464778367	15.1	1:13:22
23.2%	116000	1500983.1248179302	1828202.3123179302	301.06311735860083	0.9718576464778367	15.1	1:13:23
23.4%	117000	1494779.9841929302	1821865.2029429302	300.9398573205457	0.9718576464778367	15	1:13:33
23.6%	118000	1495047.0662241802	1819972.3162241802	298.95254438134907	0.9718576464778367	14.9	1:13:41
23.8%	119000	1495595.5271616802	1821501.1521616802	299.8545536917916	0.9718576464778367	14.8	1:13:54
24.0%	120000	1492558.6951304302	1819525.6013804302	300.83100205950603	0.9718576464778367	14.8	1:13:49
24.2%	121000	1493618.0701304302	1819279.0701304302	299.6294826449299	0.9718576464778367	14.8	1:13:48
24.4%	122000	1491866.1716929302	1818919.6716929302	300.9106739898655	0.9718576464778367	14.7	1:13:50
24.6%	123000	1491579.8084116802	1817178.7459116802	299.5723810737665	0.9718576464778367	14.7	1:13:55
24.8%	124000	1495691.7107554302	1820818.4607554302	299.13793759930564	0.9718576464778367	14.6	1:13:59
25.0%	125000	1494610.2576304302	1821735.5076304302	300.97668869650755	0.9718576464778367	14.5	1:14:21
25.2%	126000	1490343.0740366802	1816100.8865366802	299.71855649561684	0.9718576464778367	14.5	1:14:13
25.4%	127000	1486038.1912241802	1811475.8787241802	299.42402049612133	0.9718576464778367	14.5	1:14:05
25.6%	128000	1486557.3045054302	1811019.5857554302	298.5265827616179	0.9718576464778367	14.5	1:13:57
25.8%	129000	1486841.7537241802	1813111.8787241802	300.18991760218944	0.9718576464778367	14.5	1:13:48
26.0%	130000	1488812.8670054302	1815904.4920054302	300.94575149078156	0.9718576464778367	14.5	1:13:40
26.2%	131000	1483998.5935679302	1808697.6248179302	298.74440829189683	0.9718576464778367	14.5	1:13:31
26.4%	132000	1481729.7185679302	1806079.6248179302	298.4231903900652	0.9718576464778367	14.4	1:13:22
26.6%	133000	1481704.3240366802	1808248.6990366802	300.4422455923859	0.9718576464778367	14.4	1:13:13
26.8%	134000	1480922.4255991802	1806112.5818491802	299.1962755086161	0.9718576464778367	14.4	1:13:05
27.0%	135000	1479347.3474741802	1806231.0037241802	300.75440659848925	0.9718576464778367	14.4	1:12:56
27.2%	136000	1475498.2810679302	1801019.2185679302	299.5006159571381	0.9718576464778367	14.4	1:12:47
27.4%	137000	1477378.2966929302	1803237.9529429302	299.81225942634273	0.9718576464778367	14.4	1:12:39
27.6%	138000	1473476.3240366802	1798790.8865366802	299.3107374193923	0.9718576464778367	14.4	1:12:29
27.8%	139000	1475116.8552866802	1799622.9177866802	298.56686438357156	0.9718576464778367	14.4	1:12:21
28.0%	140000	1474802.2185679302	1799616.9060679302	298.85081962869236	0.9718576464778367	14.4	1:12:12
28.2%	141000	1476391.9490366802	1801758.8240366802	299.3588683509772	0.9718576464778367	14.3	1:12:03
28.4%	142000	1472919.5935679302	1798001.0310679302	299.0962471269054	0.9718576464778367	14.3	1:11:54
28.6%	143000	1470776.6990366802	1797090.3865366802	300.22999795979354	0.9718576464778367	14.3	1:11:44
28.8%	144000	1469003.3709116802	1794171.7459116802	299.176235329814	0.9718576464778367	14.3	1:11:36
29.0%	145000	1469185.6091929302	1795545.2966929302	300.27232097729234	0.9718576464778367	14.3	1:11:27
29.2%	146000	1471161.1677866802	1796767.5115366802	299.5791953096002	0.9718576464778367	14.3	1:11:19
29.4%	147000	1468281.9646616802	1792727.7146616802	298.51137292720426	0.9718576464778367	14.3	1:11:12
29.6%	148000	1468863.8552866802	1793003.2302866802	298.22948782967853	0.9718576464778367	14.3	1:11:03
29.8%	149000	1465922.3162241802	1792256.7224741802	300.249060568898	0.9718576464778367	14.3	1:10:55
30.0%	150000	1461491.4099741802	1786940.2224741802	299.4342562258969	0.9718576464778367	14.2	1:10:47
30.2%	151000	1459639.2537241802	1785846.5662241802	300.13212598182764	0.9718576464778367	14.2	1:10:38
30.4%	152000	1459532.3045054302	1785359.5232554302	299.78241479851414	0.9718576464778367	14.2	1:10:28
30.6%	153000	1459706.6326304302	1784979.6013804302	299.27246844093384	0.9718576464778367	14.2	1:10:20
30.8%	154000	1458284.4412241802	1783764.9412241802	299.46341080452714	0.9718576464778367	14.2	1:10:10
31.0%	155000	1457308.9529429302	1783502.3904429302	300.1193600716582	0.9718576464778367	14.2	1:10:00
31.2%	156000	1454324.7068491802	1779332.4255991802	299.02842104111755	0.9718576464778367	14.2	1:09:51
31.4%	157000	1450372.9138804302	1775760.5076304302	299.3779309600816	0.9718576464778367	14.2	1:09:41
31.6%	158000	1449836.8162241802	1775462.6287241802	299.5971078367073	0.9718576464778367	14.2	1:09:31
31.8%	159000	1448157.8435679302	1774123.2810679302	299.9095851153599	0.9718576464778367	14.2	1:09:22
32.0%	160000	1449149.7966929302	1775498.3591929302	300.2620852475168	0.9718576464778367	14.1	1:09:12
32.2%	161000	1447847.7498179302	1775030.7498179302	301.0298224847805	0.9718576464778367	14.1	1:09:02
32.4%	162000	1444605.0974741802	1770771.6599741802	300.09463330871733	0.9718576464778367	14.1	1:08:52
32.6%	163000	1442716.1170054302	1767624.1170054302	298.936673249787	0.9718576464778367	14.1	1:08:42
32.8%	164000	1444609.6795054302	1770160.3357554302	299.5279591566227	0.9718576464778367	14.1	1:08:33
33.0%	165000	1442998.5388804302	1770651.7576304302	301.4624545800957	0.9718576464778367	14.1	1:08:23
33.2%	166000	1439264.9060679302	1765809.4373179302	300.4423893526356	0.9718576464778367	14.1	1:08:13
33.4%	167000	1442099.9959116802	1768410.8084116802	300.2273527711999	0.9718576464778367	14.1	1:08:03
33.6%	168000	1439246.5076304302	1764791.6326304302	299.5228700437849	0.9718576464778367	14.1	1:07:53
33.8%	169000	1441381.7263804302	1767955.0388804302	300.46886999062224	0.9718576464778367	14.1	1:07:42
34.0%	170000	1444025.3982554302	1770553.6170054302	300.42738078257145	0.9718576464778367	14.1	1:07:32
34.2%	171000	1446451.0349741802	1772593.8162241802	300.07275299871964	0.9718576464778367	14.1	1:07:23
34.4%	172000	1447164.1795054302	1773857.2420054302	300.57904784595866	0.9718576464778367	14.1	1:07:12
34.6%	173000	1445301.5584116802	1770762.3709116802	299.44529701307044	0.9718576464778367	14	1:07:02
34.8%	174000	1445534.8045054302	1771007.4295054302	299.45616528794443	0.9718576464778367	14	1:06:51
35.0%	175000	1443359.0349741802	1769072.0974741802	299.67738356011535	0.9718576464778367	14	1:06:41
35.2%	176000	1442263.5232554302	1767867.8982554302	299.5773839304545	0.9718576464778367	14	1:06:31
35.4%	177000	1441869.0623179302	1766975.9060679302	299.1196225434994	0.9718576464778367	14	1:06:20
35.6%	178000	1441980.0271616802	1766381.2146616802	298.47037250400234	0.9718576464778367	14	1:06:10
35.8%	179000	1442951.9060679302	1768799.0310679302	299.8007298543203	0.9718576464778367	14	1:05:59
36.0%	180000	1443567.5623179302	1769080.1873179302	299.4929679118564	0.9718576464778367	14	1:05:49
36.2%	181000	1441608.0388804302	1767542.0388804302	299.88066055312913	0.9718576464778367	14	1:05:38
36.4%	182000	1441348.5271616802	1766827.8084116802	299.4622894745798	0.9718576464778367	14	1:05:28
36.6%	183000	1443111.7498179302	1768241.7185679302	299.14089906044853	0.9718576464778367	14	1:05:17
36.8%	184000	1443222.0349741802	1767376.2849741802	298.24317380544574	0.9718576464778367	14	1:05:08
37.0%	185000	1441322.2771616802	1765381.7146616802	298.1559400859544	0.9718576464778367	14	1:04:59
37.2%	186000	1437843.9295054302	1761931.4920054302	298.1818169308925	0.9718576464778367	13.9	1:04:51
37.4%	187000	1442209.0505991802	1767388.6443491802	299.1865573157393	0.9718576464778367	13.9	1:04:43
37.6%	188000	1442271.9880991802	1768609.3630991802	300.2517920136414	0.9718576464778367	13.9	1:04:44
37.8%	189000	1439216.4646616802	1765245.9646616802	299.96852681771895	0.9718576464778367	13.8	1:04:47
38.0%	190000	1438912.2263804302	1763860.1013804302	298.9733608654993	0.9718576464778367	13.8	1:04:50
38.2%	191000	1439114.8318491802	1764140.9568491802	299.04535599852704	0.9718576464778367	13.7	1:04:54
38.4%	192000	1440350.0974741802	1767419.2849741802	300.925107518931	0.9718576464778367	13.6	1:04:59
38.6%	193000	1439341.4451304302	1765330.4451304302	299.9312641610081	0.9718576464778367	13.6	1:05:04
38.8%	194000	1440587.4802866802	1765343.6052866802	298.79693828712124	0.9718576464778367	13.5	1:05:09
39.0%	195000	1441609.5310679302	1767078.0623179302	299.4523987694035	0.9718576464778367	13.5	1:05:13
39.2%	196000	1441016.8552866802	1766720.2927866802	299.66852792873647	0.9718576464778367	13.4	1:05:18
39.4%	197000	1439243.5701304302	1766440.2576304302	301.0424158826504	0.9718576464778367	13.3	1:05:22
39.6%	198000	1438113.3357554302	1764241.5232554302	300.05932579140176	0.9718576464778367	13.3	1:05:26
39.8%	199000	1438912.9373179302	1764181.2810679302	299.268213137544	0.9718576464778367	13.2	1:05:32
40.0%	200000	1438248.7146616802	1763409.1521616802	299.1689323091315	0.9718576464778367	13.2	1:05:36
40.2%	201000	1433524.8904429302	1758376.2029429302	298.8845170312118	0.9718576464778367	13.1	1:05:41
40.4%	202000	1437849.1170054302	1765548.9920054302	301.50538139064304	0.9718576464778367	13.1	1:05:45
40.6%	203000	1437337.4490366802	1762440.4177866802	299.11605728930795	0.9718576464778367	13	1:05:49
40.8%	204000	1433441.7654429302	1758499.4841929302	299.0744243210075	0.9718576464778367	12.9	1:05:52
41.0%	205000	1435086.2263804302	1760967.7263804302	299.83235710924464	0.9718576464778367	12.9	1:05:55
41.2%	206000	1436418.8318491802	1761542.5818491802	299.1351774025122	0.9718576464778367	12.8	1:05:58
41.4%	207000	1440518.0701304302	1767476.8201304302	300.823497774474	0.9718576464778367	12.8	1:06:00
41.6%	208000	1435790.1443491802	1761951.4568491802	300.0898029643289	0.9718576464778367	12.7	1:06:02
41.8%	209000	1442383.8630991802	1769559.9880991802	301.0234970337956	0.9718576464778367	12.7	1:06:04
42.0%	210000	1441788.1170054302	1767261.7107554302	299.45705660149235	0.9718576464778367	12.6	1:06:06
42.2%	211000	1439690.1013804302	1764519.7888804302	298.86462061265934	0.9718576464778367	12.6	1:06:07
42.4%	212000	1438719.0115366802	1765533.4802866802	300.69074955994154	0.9718576464778367	12.5	1:06:11
42.6%	213000	1435898.5974741802	1761562.3162241802	299.6319840732739	0.9718576464778367	12.5	1:06:16
42.8%	214000	1439780.0623179302	1765185.5623179302	299.39440588469216	0.9718576464778367	12.4	1:06:17
43.0%	215000	1439613.8630991802	1766613.6755991802	300.86127796808364	0.9718576464778367	12.4	1:06:17
43.2%	216000	1440983.8630991802	1765812.7380991802	298.86387305936114	0.9718576464778367	12.3	1:06:17
43.4%	217000	1439009.5505991802	1763569.8630991802	298.61677794225216	0.9718576464778367	12.3	1:06:18
43.6%	218000	1445845.3162241802	1770679.0349741802	298.8683296271005	0.9718576464778367	12.2	1:06:18
43.8%	219000	1443447.0271616802	1770325.6209116802	300.7497487664004	0.9718576464778367	12.2	1:06:18
44.0%	220000	1443340.1287241802	1768500.4412241802	299.1688173009318	0.9718576464778367	12.2	1:06:18
44.2%	221000	1444691.1482554302	1769178.7107554302	298.54984317001225	0.9718576464778367	12.1	1:06:17
44.4%	222000	1445687.3005991802	1771645.0505991802	299.9025121110769	0.9718576464778367	12.1	1:06:17
44.6%	223000	1443461.4099741802	1769469.9412241802	299.9492341922151	0.9718576464778367	12	1:06:15
44.8%	224000	1443677.3318491802	1767592.9880991802	298.0236519042208	0.9718576464778367	12	1:06:14
45.0%	225000	1442685.4920054302	1768042.8670054302	299.35012772779805	0.9718576464778367	12	1:06:12
45.2%	226000	1444630.6951304302	1769971.7576304302	299.33511915773397	0.9718576464778367	11.9	1:06:10
45.4%	227000	1445583.9451304302	1771897.1638804302	300.2295666790446	0.9718576464778367	11.9	1:06:08
45.6%	228000	1448376.2615366802	1773520.7302866802	299.1542400116166	0.9718576464778367	11.8	1:06:06
45.8%	229000	1443805.7224741802	1768598.4099741802	298.8305781855408	0.9718576464778367	11.8	1:06:04
46.0%	230000	1446681.5974741802	1771953.0349741802	299.2710595904872	0.9718576464778367	11.8	1:06:01
46.2%	231000	1444839.6560679302	1770227.5310679302	299.37818972853097	0.9718576464778367	11.7	1:05:58
46.4%	232000	1444055.1873179302	1770429.3435679302	300.2856331764105	0.9718576464778367	11.7	1:05:55
46.6%	233000	1447829.4959116802	1773199.1834116802	299.361456035471	0.9718576464778367	11.7	1:05:52
46.8%	234000	1446270.9880991802	1770969.0505991802	298.743516978349	0.9718576464778367	11.6	1:05:48
47.0%	235000	1449201.1130991802	1775246.8318491802	299.9834491316333	0.9718576464778367	11.6	1:05:45
47.2%	236000	1450182.0896616802	1773789.4334116802	297.7399841795993	0.9718576464778367	11.6	1:05:41
47.4%	237000	1452335.6404429302	1775676.7966929302	297.4950742182851	0.9718576464778367	11.5	1:05:37
47.6%	238000	1451449.2576304302	1776418.0701304302	298.99262473895317	0.9718576464778367	11.5	1:05:33
47.8%	239000	1449132.9724741802	1775392.1599741802	300.1798543847135	0.9718576464778367	11.5	1:05:29
48.0%	240000	1447480.6091929302	1772522.7341929302	299.06007704809184	0.9718576464778367	11.4	1:05:25
48.2%	241000	1452651.5935679302	1779470.4060679302	300.69474609488196	0.9718576464778367	11.4	1:05:21
48.4%	242000	1450138.7029429302	1776276.8279429302	300.0684689432799	0.9718576464778367	11.4	1:05:17
48.6%	243000	1445591.0076304302	1772011.2263804302	300.3280136980091	0.9718576464778367	11.3	1:05:12
48.8%	244000	1444106.7029429302	1770488.2029429302	300.29238990814434	0.9718576464778367	11.3	1:05:09
49.0%	245000	1446027.7420054302	1772419.1482554302	300.30150430797255	0.9718576464778367	11.3	1:05:06
49.2%	246000	1448019.6287241802	1771569.1287241802	297.6867641351766	0.9718576464778367	11.2	1:05:02
49.4%	247000	1446454.4802866802	1772044.7927866802	299.56444550798545	0.9718576464778367	11.2	1:04:57
49.6%	248000	1447262.0505991802	1771319.3630991802	298.1539849465591	0.9718576464778367	11.2	1:04:57
49.8%	249000	1446195.9724741802	1770390.9099741802	298.28060897445624	0.9718576464778367	11.1	1:05:01
50.0%	250000	1446993.9373179302	1773804.3435679302	300.6870117934505	0.9718576464778367	11.1	1:05:06
50.2%	251000	1446680.3787241802	1772917.5349741802	300.159584189512	0.9718576464778367	11	1:05:11
50.4%	252000	1443001.4880991802	1769777.8005991802	300.6556433069755	0.9718576464778367	10.9	1:05:16
50.6%	253000	1443555.5545054302	1768525.2420054302	298.9934297963512	0.9718576464778367	10.9	1:05:21
50.8%	254000	1445824.5896616802	1771344.6834116802	299.49983965179	0.9718576464778367	10.8	1:05:25
51.0%	255000	1444889.3123179302	1768701.2498179302	297.9282238504991	0.9718576464778367	10.8	1:05:30
51.2%	256000	1448150.4334116802	1775167.4021616802	300.8770628434959	0.9718576464778367	10.7	1:05:34
51.4%	257000	1445652.6990366802	1771010.7615366802	299.3507602728966	0.9718576464778367	10.7	1:05:38
51.6%	258000	1449415.2576304302	1775021.7888804302	299.5793678218998	0.9718576464778367	10.6	1:05:41
51.8%	259000	1447353.2380991802	1771925.8630991802	298.62810624992505	0.9718576464778367	10.6	1:05:45
52.0%	260000	1449175.6326304302	1775970.1013804302	300.67234824798555	0.9718576464778367	10.5	1:05:48
52.2%	261000	1446873.4568491802	1770223.2693491802	297.50303853611604	0.9718576464778367	10.5	1:05:51
52.4%	262000	1449086.5193491802	1774345.2068491802	299.25932875411524	0.9718576464778367	10.4	1:05:53
52.6%	263000	1452146.4099741802	1777329.4724741802	299.1897487932817	0.9718576464778367	10.4	1:05:56
52.8%	264000	1450306.6091929302	1776159.4216929302	299.8059627274078	0.9718576464778367	10.3	1:05:58
53.0%	265000	1451237.9412241802	1776523.9412241802	299.2844580457552	0.9718576464778367	10.3	1:06:00
53.2%	266000	1450078.6443491802	1775302.2380991802	299.2270402020425	0.9718576464778367	10.2	1:06:02
53.4%	267000	1456238.8240366802	1781971.1677866802	299.6951235749229	0.9718576464778367	10.2	1:06:04
53.6%	268000	1455494.2576304302	1780523.0701304302	299.0478286748212	0.9718576464778367	10.1	1:06:05
53.8%	269000	1451687.7341929302	1777548.4216929302	299.8132082439905	0.9718576464778367	10.1	1:05:57
54.0%	270000	1451827.3709116802	1776785.3084116802	298.9826190255771	0.9718576464778367	10.1	1:05:48
54.2%	271000	1454925.6287241802	1779440.3474741802	298.5748287014025	0.9718576464778367	10	1:05:39
54.4%	272000	1453405.3904429302	1778453.1404429302	299.0652524170795	0.9718576464778367	10	1:05:30
54.6%	273000	1456905.8904429302	1783072.4841929302	300.0946620607673	0.9718576464778367	10	1:05:21
54.8%	274000	1456111.5466929302	1781647.7966929302	299.5147044616044	0.9718576464778367	9.98	1:05:11
55.0%	275000	1457876.9334116802	1784038.5896616802	300.09011923687814	0.9718576464778367	9.96	1:05:01
55.2%	276000	1457846.7732554302	1781940.5232554302	298.1875098367789	0.9718576464778367	9.95	1:04:51
55.4%	277000	1456633.9607554302	1780924.5857554302	298.36864775134563	0.9718576464778367	9.93	1:04:41
55.6%	278000	1458848.0701304302	1785491.2576304302	300.53315957426844	0.9718576464778367	9.91	1:04:32
55.8%	279000	1460578.0935679302	1787531.1560679302	300.8182649013865	0.9718576464778367	9.89	1:04:22
56.0%	280000	1457675.1521616802	1783380.4021616802	299.67019554763255	0.9718576464778367	9.87	1:04:13
56.2%	281000	1459152.2732554302	1785216.7420054302	300.000700361592	0.9718576464778367	9.84	1:04:04
56.4%	282000	1459950.0701304302	1786962.6951304302	300.87306630855545	0.9718576464778367	9.82	1:03:54
56.6%	283000	1461513.0935679302	1787123.4060679302	299.58284681994144	0.9718576464778367	9.79	1:03:50
56.8%	284000	1459328.8318491802	1785248.3943491802	299.8673771060609	0.9718576464778367	9.75	1:03:47
57.0%	285000	1462921.3357554302	1789332.5232554302	300.31970435557895	0.9718576464778367	9.71	1:03:44
57.2%	286000	1464222.5037241802	1789169.2537241802	298.97232579170173	0.9718576464778367	9.67	1:03:42
57.4%	287000	1466377.9802866802	1793210.8552866802	300.707684517351	0.9718576464778367	9.64	1:03:39
57.6%	288000	1466292.2654429302	1791674.2029429302	299.37272683904405	0.9718576464778367	9.6	1:03:36
57.8%	289000	1464874.7185679302	1789786.3435679302	298.940008487579	0.9718576464778367	9.56	1:03:34
58.0%	290000	1465072.0193491802	1790600.3318491802	299.5074014409219	0.9718576464778367	9.52	1:03:32
58.2%	291000	1465879.6795054302	1790506.9295054302	298.67836483320485	0.9718576464778367	9.48	1:03:30
58.4%	292000	1467448.7459116802	1793442.4334116802	299.93557696849774	0.9718576464778367	9.44	1:03:27
58.6%	293000	1467765.7146616802	1792218.7146616802	298.5180434027883	0.9718576464778367	9.4	1:03:24
58.8%	294000	1467334.2732554302	1794085.2107554302	300.63229664243136	0.9718576464778367	9.36	1:03:21
59.0%	295000	1469781.9177866802	1795603.2927866802	299.777038165177	0.9718576464778367	9.33	1:03:17
59.2%	296000	1469090.3552866802	1794290.4802866802	299.2054474125441	0.9718576464778367	9.29	1:03:13
59.4%	297000	1470172.8943491802	1795502.5818491802	299.324653411559	0.9718576464778367	9.26	1:03:09
59.6%	298000	1467982.9763804302	1792916.0388804302	298.9597323938318	0.9718576464778367	9.22	1:03:04
59.8%	299000	1465927.4685679302	1790794.2185679302	298.8987205438778	0.9718576464778367	9.19	1:03:00
60.0%	300000	1467964.8748179302	1791379.2498179302	297.562440271274	0.9718576464778367	9.15	1:02:55
60.2%	301000	1467117.1365366802	1793775.8552866802	300.5474493430842	0.9718576464778367	9.12	1:02:51
60.4%	302000	1467586.8123179302	1793058.8748179302	299.4556477510457	0.9718576464778367	9.08	1:02:46
60.6%	303000	1467263.1795054302	1791850.7107554302	298.64182097774227	0.9718576464778367	9.05	1:02:41
60.8%	304000	1471141.9959116802	1796231.0896616802	299.1032913791385	0.9718576464778367	9.02	1:02:36
61.0%	305000	1471338.3826304302	1796978.2576304302	299.61004625917644	0.9718576464778367	8.98	1:02:30
61.2%	306000	1473203.9177866802	1799402.2927866802	300.12390289554736	0.9718576464778367	8.95	1:02:25
61.4%	307000	1471190.1755991802	1796113.6443491802	298.950905514503	0.9718576464778367	8.92	1:02:19
61.6%	308000	1469125.9021616802	1796140.4021616802	300.87479143155133	0.9718576464778367	8.89	1:02:13
61.8%	309000	1470970.6912241802	1797150.0662241802	300.10642164918914	0.9718576464778367	8.85	1:02:07
62.0%	310000	1472809.3084116802	1798139.5896616802	299.3251997005077	0.9718576464778367	8.82	1:02:00
62.2%	311000	1470697.8279429302	1794868.6404429302	298.2584123919093	0.9718576464778367	8.79	1:01:54
62.4%	312000	1471027.6912241802	1795474.5974741802	298.5124367530517	0.9718576464778367	8.76	1:01:47
62.6%	313000	1473900.7732554302	1798711.2107554302	298.8469093499017	0.9718576464778367	8.73	1:01:39
62.8%	314000	1472187.0545054302	1798443.3670054302	300.17720919611986	0.9718576464778367	8.71	1:01:31
63.0%	315000	1470918.4255991802	1795440.5505991802	298.5816429372362	0.9718576464778367	8.68	1:01:23
63.2%	316000	1467433.4724741802	1792608.0349741802	299.1819282357004	0.9718576464778367	8.65	1:01:15
63.4%	317000	1467944.5466929302	1794618.3904429302	300.56136533525097	0.9718576464778367	8.62	1:01:07
63.6%	318000	1469737.1638804302	1794548.5388804302	298.84777191139966	0.9718576464778367	8.6	1:00:58
63.8%	319000	1465584.5310679302	1791955.8748179302	300.2830454919167	0.9718576464778367	8.57	1:00:49
64.0%	320000	1467936.5857554302	1794268.2107554302	300.2465016364541	0.9718576464778367	8.54	1:00:40
64.2%	321000	1469137.1013804302	1794824.3513804302	299.65363436687215	0.9718576464778367	8.52	1:00:31
64.4%	322000	1468008.1130991802	1794329.1130991802	300.2367259394775	0.9718576464778367	8.49	1:00:21
64.6%	323000	1463163.2068491802	1790580.6443491802	301.2455203633646	0.9718576464778367	8.47	1:00:12
64.8%	324000	1470631.3435679302	1795374.1248179302	298.78466116180056	0.9718576464778367	8.44	1:00:03
65.0%	325000	1467226.5466929302	1793394.0779429302	300.0955246222652	0.9718576464778367	8.41	59:53
65.2%	326000	1471433.7693491802	1796442.0505991802	299.0289385780163	0.9718576464778367	8.39	59:43
65.4%	327000	1470102.7146616802	1795350.4646616802	299.2492655366393	0.9718576464778367	8.37	59:32
65.6%	328000	1471973.7888804302	1798933.6638804302	300.82453284827153	0.9718576464778367	8.34	59:22
65.8%	329000	1470707.9373179302	1796860.9373179302	300.0821549190472	0.9718576464778367	8.32	59:11
66.0%	330000	1472714.7107554302	1798164.8357554302	299.435463811994	0.9718576464778367	8.3	59:00
66.2%	331000	1471440.8552866802	1796349.1365366802	298.9369320182364	0.9718576464778367	8.28	58:48
66.4%	332000	1471799.4138804302	1798114.6013804302	300.2313780581903	0.9718576464778367	8.25	58:37
66.6%	333000	1472218.8982554302	1796166.0545054302	298.0526339705515	0.9718576464778367	8.23	58:26
66.8%	334000	1473461.5818491802	1799424.5193491802	299.90728495136545	0.9718576464778367	8.21	58:15
67.0%	335000	1472926.9529429302	1797814.2341929302	298.9176106406826	0.9718576464778367	8.18	58:03
67.2%	336000	1472920.1326304302	1798668.1951304302	299.7095858560383	0.9718576464778367	8.16	57:51
67.4%	337000	1472842.3865366802	1799414.1677866802	300.4674611401756	0.9718576464778367	8.14	57:39
67.6%	338000	1473697.8982554302	1799507.2732554302	299.7659973780034	0.9718576464778367	8.12	57:27
67.8%	339000	1472015.7615366802	1797770.7615366802	299.71596881112305	0.9718576464778367	8.1	57:15
68.0%	340000	1477265.5545054302	1803971.4920054302	300.5908936905304	0.9718576464778367	8.08	57:03
68.2%	341000	1479576.7185679302	1803806.7498179302	298.312897526529	0.9718576464778367	8.06	56:50
68.4%	342000	1478889.5271616802	1802767.3396616802	297.9888331717541	0.9718576464778367	8.03	56:38
68.6%	343000	1482149.1951304302	1808206.3826304302	299.994001133958	0.9718576464778367	8.01	56:25
68.8%	344000	1482178.1248179302	1807538.6560679302	299.35303168484114	0.9718576464778367	7.99	56:13
69.0%	345000	1483851.6209116802	1807576.6834116802	297.84829315169026	0.9718576464778367	7.97	56:00
69.2%	346000	1479813.0271616802	1805028.2771616802	299.21936340471086	0.9718576464778367	7.95	55:46
69.4%	347000	1483300.8005991802	1809369.1130991802	300.0042368637336	0.9718576464778367	7.93	55:33
69.6%	348000	1482171.7341929302	1807684.5779429302	299.4931691762059	0.9718576464778367	7.91	55:20
69.8%	349000	1478760.7341929302	1804988.2654429302	300.1507285581332	0.9718576464778367	7.89	55:06
70.0%	350000	1478762.0232554302	1803590.7420054302	298.86372929911147	0.9718576464778367	7.87	54:52
70.2%	351000	1480770.4920054302	1804047.9920054302	297.4365062925752	0.9718576464778367	7.85	54:39
70.4%	352000	1482785.8474741802	1807516.3474741802	298.7733616061776	0.9718576464778367	7.83	54:24
70.6%	353000	1481260.8748179302	1806275.2185679302	299.034516475703	0.9718576464778367	7.81	54:10
70.8%	354000	1483059.2302866802	1806700.6677866802	297.7713526660743	0.9718576464778367	7.79	53:56
71.0%	355000	1482660.1326304302	1808218.3201304302	299.5348884006562	0.9718576464778367	7.78	53:42
71.2%	356000	1483048.3787241802	1809095.0662241802	299.98434044518115	0.9718576464778367	7.76	53:27
71.4%	357000	1484635.9177866802	1811221.6052866802	300.48025580239494	0.9718576464778367	7.74	53:12
71.6%	358000	1480610.8240366802	1805896.2302866802	299.28391175680645	0.9718576464778367	7.72	52:57
71.8%	359000	1482908.0662241802	1807370.7537241802	298.526956538267	0.9718576464778367	7.7	52:42
72.0%	360000	1484704.4607554302	1810588.5545054302	299.83474352938896	0.9718576464778367	7.69	52:27
72.2%	361000	1483705.8670054302	1808320.3670054302	298.6666339968329	0.9718576464778367	7.67	52:12
72.4%	362000	1482931.9412241802	1807835.6912241802	298.93276297099635	0.9718576464778367	7.65	51:56
72.6%	363000	1486812.2537241802	1812101.9412241802	299.287850787647	0.9718576464778367	7.63	51:40
72.8%	364000	1485191.1716929302	1810050.2341929302	298.89164753959466	0.9718576464778367	7.62	51:25
73.0%	365000	1485868.8084116802	1812746.4334116802	300.7488574528525	0.9718576464778367	7.6	51:09
73.2%	366000	1484104.0505991802	1810263.4255991802	300.08802033723316	0.9718576464778367	7.58	50:53
73.4%	367000	1487051.8709116802	1810949.9334116802	298.00746450010956	0.9718576464778367	7.57	50:36
73.6%	368000	1484409.8162241802	1811573.3787241802	301.01193870972327	0.9718576464778367	7.55	50:20
73.8%	369000	1486380.3709116802	1811698.8084116802	299.31430267358377	0.9718576464778367	7.54	50:04
74.0%	370000	1484005.6170054302	1809679.6482554302	299.64147224975125	0.9718576464778367	7.52	49:47
74.2%	371000	1484591.9255991802	1810085.9568491802	299.47586044214734	0.9718576464778367	7.5	49:30
74.4%	372000	1484587.5662241802	1811793.8162241802	301.05121400992937	0.9718576464778367	7.49	49:13
74.6%	373000	1486835.2615366802	1812111.9802866802	299.2759186869256	0.9718576464778367	7.47	48:56
74.8%	374000	1485773.1482554302	1812255.3045054302	300.3850002609728	0.9718576464778367	7.46	48:39
75.0%	375000	1487522.6990366802	1813691.6052866802	300.09678971246217	0.9718576464778367	7.44	48:22
75.2%	376000	1491308.5740366802	1817206.7615366802	299.8477107039079	0.9718576464778367	7.43	48:04
75.4%	377000	1487437.4373179302	1814378.3748179302	300.80710910601323	0.9718576464778367	7.41	47:46
75.6%	378000	1489350.7615366802	1816485.8865366802	300.98577434428586	0.9718576464778367	7.4	47:28
75.8%	379000	1487949.9099741802	1812873.3474741802	298.95087676245305	0.9718576464778367	7.39	47:10
76.0%	380000	1489396.8943491802	1816066.8318491802	300.5577713290096	0.9718576464778367	7.37	46:52
76.2%	381000	1487362.1638804302	1813735.6951304302	300.2850581354118	0.9718576464778367	7.36	46:34
76.4%	382000	1488649.5818491802	1813401.1130991802	298.7927117357814	0.9718576464778367	7.35	46:15
76.6%	383000	1485774.0271616802	1810266.6521616802	298.5545010021011	0.9718576464778367	7.33	45:57
76.8%	384000	1490685.8396616802	1815884.0584116802	299.20369353749834	0.9718576464778367	7.32	45:38
77.0%	385000	1491776.7927866802	1815496.8552866802	297.84369282370125	0.9718576464778367	7.31	45:20
77.2%	386000	1494107.6755991802	1818041.1130991802	298.04001182063166	0.9718576464778367	7.29	45:01
77.4%	387000	1493226.0584116802	1818843.1834116802	299.58911476682647	0.9718576464778367	7.28	44:42
77.6%	388000	1493981.3709116802	1819406.1834116802	299.41217465154966	0.9718576464778367	7.27	44:23
77.8%	389000	1494478.8005991802	1820196.9255991802	299.6820413922042	0.9718576464778367	7.25	44:04
78.0%	390000	1490239.6560679302	1815308.2810679302	299.0844587864335	0.9718576464778367	7.24	43:44
78.2%	391000	1491730.7537241802	1817020.0662241802	299.2875057630479	0.9718576464778367	7.23	43:25
78.4%	392000	1492593.6795054302	1817363.3670054302	298.8094166767914	0.9718576464778367	7.22	43:05
78.6%	393000	1491708.8552866802	1817588.6677866802	299.8308044985484	0.9718576464778367	7.2	42:46
78.8%	394000	1496052.4255991802	1821415.6443491802	299.3555043611352	0.9718576464778367	7.19	42:26
79.0%	395000	1490653.2966929302	1816123.0466929302	299.4535200993508	0.9718576464778367	7.18	42:06
79.2%	396000	1489663.6404429302	1814770.8279429302	299.11993881604866	0.9718576464778367	7.17	41:46
79.4%	397000	1492084.3357554302	1816189.7732554302	298.19826310345314	0.9718576464778367	7.16	41:26
79.6%	398000	1491498.7224741802	1815843.0662241802	298.4180725251774	0.9718576464778367	7.15	41:06
79.8%	399000	1490128.0740366802	1815962.6990366802	299.7892290343478	0.9718576464778367	7.13	40:46
80.0%	400000	1490762.1716929302	1817808.9841929302	300.9045210511802	0.9718576464778367	7.12	40:26
80.2%	401000	1494578.9841929302	1818567.3591929302	298.0905579244108	0.9718576464778367	7.11	40:05
80.4%	402000	1488207.9959116802	1813967.8084116802	299.72039662681243	0.9718576464778367	7.1	39:45
80.6%	403000	1487810.8904429302	1812077.7029429302	298.34673868929804	0.9718576464778367	7.09	39:24
80.8%	404000	1489111.8240366802	1814028.6052866802	298.9447525758177	0.9718576464778367	7.08	39:03
81.0%	405000	1487992.8904429302	1811778.5779429302	297.90407212855683	0.9718576464778367	7.08	38:39
81.2%	406000	1491222.7107554302	1817192.1795054302	299.91329412980105	0.9718576464778367	7.08	38:15
81.4%	407000	1488227.8513804302	1814084.3513804302	299.80935546929965	0.9718576464778367	7.07	37:51
81.6%	408000	1489760.1795054302	1815595.9295054302	299.7902641081454	0.9718576464778367	7.07	37:28
81.8%	409000	1489154.1170054302	1813969.1170054302	298.85110714919165	0.9718576464778367	7.07	37:04
82.0%	410000	1490134.4841929302	1815722.7966929302	299.56260537678986	0.9718576464778367	7.07	36:40
82.2%	411000	1492922.8396616802	1817306.0896616802	298.4538688273418	0.9718576464778367	7.07	36:16
82.4%	412000	1490532.3474741802	1816829.0974741802	300.2144143487309	0.9718576464778367	7.06	35:52
82.6%	413000	1490791.9568491802	1816448.7380991802	299.6256011181892	0.9718576464778367	7.06	35:28
82.8%	414000	1491477.7771616802	1817363.5271616802	299.8362673880353	0.9718576464778367	7.06	35:04
83.0%	415000	1490296.2498179302	1814789.4998179302	298.55507604309975	0.9718576464778367	7.06	34:41
83.2%	416000	1491120.1599741802	1817087.9724741802	299.91177027115475	0.9718576464778367	7.06	34:17
83.4%	417000	1489549.2380991802	1813937.2693491802	298.4582678909813	0.9718576464778367	7.05	33:53
83.6%	418000	1490218.7146616802	1815915.7146616802	299.6626050064507	0.9718576464778367	7.05	33:29
83.8%	419000	1488478.1209116802	1814369.2459116802	299.84121274062346	0.9718576464778367	7.05	33:05
84.0%	420000	1490493.2380991802	1816145.4880991802	299.62143207094914	0.9718576464778367	7.05	32:41
84.2%	421000	1489935.8084116802	1816617.4959116802	300.5685820997837	0.9718576464778367	7.05	32:17
84.4%	422000	1489559.2771616802	1814894.1521616802	299.3294262518476	0.9718576464778367	7.05	31:53
84.6%	423000	1490525.6170054302	1817133.7420054302	300.5008997742456	0.9718576464778367	7.04	31:29
84.8%	424000	1489636.7420054302	1816188.4920054302	300.44903107616966	0.9718576464778367	7.04	31:04
85.0%	425000	1486425.5857554302	1811925.8982554302	299.4816396041835	0.9718576464778367	7.04	30:40
85.2%	426000	1488948.6326304302	1816023.6326304302	300.9304554002182	0.9718576464778367	7.04	30:16
85.4%	427000	1488070.1951304302	1814387.6326304302	300.2334482057853	0.9718576464778367	7.04	29:52
85.6%	428000	1487091.9177866802	1814121.1052866802	300.888304895019	0.9718576464778367	7.04	29:28
85.8%	429000	1487108.6951304302	1812308.1326304302	299.20481486744563	0.9718576464778367	7.03	29:04
86.0%	430000	1486167.0154429302	1809574.7029429302	297.5562873325887	0.9718576464778367	7.03	28:40
86.2%	431000	1486819.4841929302	1811361.4216929302	298.59987173689257	0.9718576464778367	7.03	28:16
86.4%	432000	1482956.5271616802	1808922.1521616802	299.90975762765953	0.9718576464778367	7.03	27:51
86.6%	433000	1485351.1326304302	1809426.3513804302	298.17045987116967	0.9718576464778367	7.03	27:27
86.8%	434000	1479901.1287241802	1804514.1287241802	298.66525389843616	0.9718576464778367	7.02	27:03
87.0%	435000	1479026.1834116802	1805615.2459116802	300.48336102378755	0.9718576464778367	7.02	26:39
87.2%	436000	1479354.4295054302	1805922.4920054302	300.46403964623374	0.9718576464778367	7.02	26:14
87.4%	437000	1484692.8826304302	1808240.5701304302	297.6850965162806	0.9718576464778367	7.03	25:48
87.6%	438000	1483440.3904429302	1809849.4841929302	300.3177779682336	0.9718576464778367	7.04	25:21
87.8%	439000	1482103.8787241802	1805514.7537241802	297.55922004168167	0.9718576464778367	7.05	24:55
88.0%	440000	1480257.7810679302	1806794.1873179302	300.43491381965345	0.9718576464778367	7.05	24:29
88.2%	441000	1486305.6404429302	1812903.8279429302	300.49175662236746	0.9718576464778367	7.06	24:03
88.4%	442000	1485543.6248179302	1811491.0623179302	299.89302393459957	0.9718576464778367	7.07	23:38
88.6%	443000	1483851.7771616802	1808541.3084116802	298.7356676687178	0.9718576464778367	7.07	23:12
88.8%	444000	1486225.0037241802	1811268.3474741802	299.0611983780392	0.9718576464778367	7.08	22:46
89.0%	445000	1482781.5779429302	1808420.3904429302	299.6090686894787	0.9718576464778367	7.09	22:20
89.2%	446000	1482443.1248179302	1807200.8123179302	298.7983758896178	0.9718576464778367	7.1	21:55
89.4%	447000	1485476.1755991802	1811057.4880991802	299.55616491760526	0.9718576464778367	7.1	21:29
89.6%	448000	1484455.2576304302	1810708.9138804302	300.1747652718757	0.9718576464778367	7.11	21:03
89.8%	449000	1483248.8045054302	1809439.1170054302	300.1164848666651	0.9718576464778367	7.12	20:38
90.0%	450000	1478681.3904429302	1805319.9216929302	300.52887551882867	0.9718576464778367	7.12	20:12
90.2%	451000	1479392.3435679302	1804876.3435679302	299.4666310341194	0.9718576464778367	7.13	19:47
90.4%	452000	1481527.8630991802	1805723.0818491802	298.28086774290557	0.9718576464778367	7.14	19:22
90.6%	453000	1478565.9255991802	1804585.1755991802	299.9590961453415	0.9718576464778367	7.14	18:56
90.8%	454000	1478849.3084116802	1804458.1521616802	299.5814954735947	0.9718576464778367	7.15	18:31
91.0%	455000	1473832.2380991802	1798856.5193491802	299.0436596275811	0.9718576464778367	7.16	18:06
91.2%	456000	1475626.7537241802	1800217.9412241802	298.6451849675842	0.9718576464778367	7.16	17:41
91.4%	457000	1471495.9295054302	1796478.9295054302	299.005678169622	0.9718576464778367	7.17	17:16
91.6%	458000	1470854.6677866802	1796719.1990366802	299.81674474613203	0.9718576464778367	7.18	16:51
91.8%	459000	1468615.4529429302	1794324.2966929302	299.67350203337463	0.9718576464778367	7.18	16:26
92.0%	460000	1471215.6912241802	1795569.6599741802	298.42692815655624	0.9718576464778367	7.19	16:01
92.2%	461000	1470072.7107554302	1794633.0857554302	298.616835446352	0.9718576464778367	7.2	15:36
92.4%	462000	1468691.0466929302	1793555.7966929302	298.8968804126822	0.9718576464778367	7.2	15:11
92.6%	463000	1468050.2771616802	1793800.0896616802	299.71119597083447	0.9718576464778367	7.21	14:46
92.8%	464000	1470273.1716929302	1796116.0154429302	299.7967908234797	0.9718576464778367	7.22	14:21
93.0%	465000	1467560.9959116802	1792446.9959116802	298.9164318066354	0.9718576464778367	7.22	13:57
93.2%	466000	1465376.8826304302	1792353.0388804302	300.83951266628566	0.9718576464778367	7.23	13:32
93.4%	467000	1466965.6716929302	1791754.1716929302	298.82672541085	0.9718576464778367	7.24	13:07
93.6%	468000	1468128.5896616802	1791635.8084116802	297.6478626116197	0.9718576464778367	7.24	12:43
93.8%	469000	1465774.4451304302	1790914.8513804302	299.15050224512555	0.9718576464778367	7.25	12:18
94.0%	470000	1466058.4451304302	1791142.1326304302	299.09831727450035	0.9718576464778367	7.26	11:54
94.2%	471000	1464512.3357554302	1789038.0857554302	298.5849781750282	0.9718576464778367	7.26	11:29
94.4%	472000	1467920.3357554302	1793574.6482554302	299.6233297062446	0.9718576464778367	7.27	11:05
94.6%	473000	1464491.8826304302	1790144.4138804302	299.6216908393985	0.9718576464778367	7.28	10:41
94.8%	474000	1467692.1170054302	1793386.2732554302	299.65998856990694	0.9718576464778367	7.28	10:16
95.0%	475000	1464113.8904429302	1787432.5154429302	297.47434399028464	0.9718576464778367	7.29	9:52
95.2%	476000	1465209.4724741802	1790731.9724741802	299.5020535596347	0.9718576464778367	7.3	9:28
95.4%	477000	1463542.4841929302	1788223.8904429302	298.72819213573564	0.9718576464778367	7.3	9:04
95.6%	478000	1466757.4451304302	1791928.9451304302	299.17911053480714	0.9718576464778367	7.31	8:39
95.8%	479000	1465540.3748179302	1791363.9060679302	299.77902205662224	0.9718576464778367	7.32	8:15
96.0%	480000	1467205.7146616802	1792726.5271616802	299.50050094893845	0.9718576464778367	7.32	7:51
96.2%	481000	1465697.7537241802	1790991.4099741802	299.2915022979883	0.9718576464778367	7.33	7:27
96.4%	482000	1467559.2810679302	1793393.4060679302	299.7887690015489	0.9718576464778367	7.34	7:03
96.6%	483000	1465591.5193491802	1791340.3630991802	299.7103046572866	0.9718576464778367	7.34	6:40
96.8%	484000	1463572.5193491802	1789643.1130991802	300.00633576337856	0.9718576464778367	7.35	6:16
97.0%	485000	1468263.6482554302	1793494.1795054302	299.2334231571273	0.9718576464778367	7.36	5:52
97.2%	486000	1467319.3943491802	1793110.1443491802	299.7488611562444	0.9718576464778367	7.36	5:28
97.4%	487000	1469764.0154429302	1796108.7966929302	300.2586062494751	0.9718576464778367	7.37	5:04
97.6%	488000	1468312.2263804302	1795029.7263804302	300.6015319490049	0.9718576464778367	7.38	4:41
97.8%	489000	1467716.1755991802	1792190.5193491802	298.53768105289134	0.9718576464778367	7.38	4:17
98.0%	490000	1469447.2888804302	1793276.5388804302	297.944152486161	0.9718576464778367	7.39	3:53
98.2%	491000	1469306.4802866802	1794149.7302866802	298.8770990023295	0.9718576464778367	7.39	3:30
98.4%	492000	1470804.8005991802	1795978.8943491802	299.18149695495146	0.9718576464778367	7.4	3:06
98.6%	493000	1472033.0271616802	1797883.5896616802	299.8038925798128	0.9718576464778367	7.41	2:43
98.8%	494000	1467557.2537241802	1794024.8162241802	300.3715730536549	0.9718576464778367	7.41	2:19
99.0%	495000	1465683.8865366802	1791755.8865366802	300.0076296056254	0.9718576464778367	7.42	1:56
99.2%	496000	1462438.8513804302	1787513.7576304302	299.09023794846973	0.9718576464778367	7.43	1:33
99.4%	497000	1461538.0310679302	1786232.4373179302	298.740152988507	0.9718576464778367	7.43	1:09
99.6%	498000	1464183.3123179302	1789469.1873179302	299.2843430375554	0.9718576464778367	7.44	0:46
99.8%	499000	1463470.3318491802	1788295.5193491802	298.86048031746924	0.9718576464778367	7.44	0:23
100.0%	500000	1463847.5115366802	1788556.5115366802	298.75358019582495	0.9718576464778367	7.45	0:00
