#"Progress (%)"	"Step"	"Potential Energy (kJ/mole)"	"Total Energy (kJ/mole)"	"Temperature (K)"	"Density (g/mL)"	"Speed (ns/day)"	"Time Remaining"
0.2%	1000	24459.8978832243	131481.1166332243	259.5178083733429	0.9749224042961362	0	--
0.4%	2000	44409.5844066618	164905.4437816618	292.1927231655875	0.9749224042961362	23.9	1:00:05
0.6%	3000	43528.9183910368	166248.2387035368	297.5844362879326	0.9749224042961362	23.3	1:01:21
0.8%	4000	41127.0082347868	164600.2582347868	299.4126548641446	0.9749224042961362	22.9	1:02:16
1.0%	5000	39940.5922191618	162849.0765941618	298.043143855426	0.9749224042961362	22.8	1:02:35
1.2%	6000	38388.3070629118	161642.4945629118	298.8814460014462	0.9749224042961362	22.5	1:03:06
1.4%	7000	35984.4574535368	159702.0668285368	300.00520660478224	0.9749224042961362	22.4	1:03:21
1.6%	8000	34983.8978832243	157658.4681957243	297.47592115364097	0.9749224042961362	22.3	1:03:28
1.8%	9000	33545.2806957243	155950.4525707243	296.82265170954577	0.9749224042961362	22.2	1:03:37
2.0%	10000	32243.4750316618	155142.9281566618	298.0212438038825	0.9749224042961362	22.1	1:03:42
2.2%	11000	33488.4945629118	156691.4476879118	298.75720678170376	0.9749224042961362	22.1	1:03:47
2.4%	12000	31359.6596019743	154329.2299144743	298.19127231824484	0.9749224042961362	22	1:03:56
2.6%	13000	29754.2836254118	152918.8851879118	298.664207341369	0.9749224042961362	21.9	1:04:00
2.8%	14000	28250.2806957243	151044.9525707243	297.7671577387431	0.9749224042961362	21.8	1:04:04
3.0%	15000	26246.6381175993	149605.3724925993	299.13496372614765	0.9749224042961362	21.8	1:04:05
3.2%	16000	25698.9515941618	149432.2953441618	300.043361192852	0.9749224042961362	21.7	1:04:12
3.4%	17000	23499.9701488493	147056.5013988493	299.61460516644007	0.9749224042961362	21.6	1:04:21
3.6%	18000	21597.4252269743	144695.0658519743	298.5018324782382	0.9749224042961362	21.5	1:04:28
3.8%	19000	16936.9379222868	140982.8597972868	300.8013378903043	0.9749224042961362	21.5	1:04:29
4.0%	20000	16693.1107738493	140087.0326488493	299.2202905705697	0.9749224042961362	21.4	1:04:38
4.2%	21000	16352.497492599301	139631.2162425993	298.94093230062134	0.9749224042961362	21.3	1:04:46
4.4%	22000	13655.831476974301	137369.8002269743	299.99637838331233	0.9749224042961362	21.2	1:04:53
4.6%	23000	13914.649836349301	137339.3763988493	299.2949894488015	0.9749224042961362	21.2	1:04:56
4.8%	24000	9210.232844161801	133201.0140941618	300.66762632992896	0.9749224042961362	21.1	1:04:58
5.0%	25000	6508.007258224301	130351.8978832243	300.31142843276575	0.9749224042961362	21	1:05:02
5.2%	26000	5384.641047286801	128792.3207347868	299.25365215427905	0.9749224042961362	21	1:05:05
5.4%	27000	3501.396906661801	126536.8812816618	298.351108594086	0.9749224042961362	20.9	1:05:07
5.6%	28000	1044.253351974301	124608.9642894743	299.63444024772554	0.9749224042961362	20.9	1:05:10
5.8%	29000	-149.26520271319896	124225.1176097868	301.5978291247704	0.9749224042961362	20.8	1:05:13
6.0%	30000	-5122.334538650699	118733.7748363493	300.3410579142657	0.9749224042961362	20.7	1:05:21
6.2%	31000	-7216.835515213199	117217.2426097868	301.74258543432387	0.9749224042961362	20.6	1:05:26
6.4%	32000	-7720.482976150699	115091.4076488493	297.80891181625327	0.9749224042961362	20.6	1:05:30
6.6%	33000	-11243.244694900699	113125.8959300993	301.5851172436409	0.9749224042961362	20.5	1:05:36
6.8%	34000	-15174.316960525699	107622.7142894743	297.7728790324854	0.9749224042961362	20.4	1:05:41
7.0%	35000	-17585.4849292757	106061.6088207243	299.8342119116754	0.9749224042961362	20.4	1:05:46
7.2%	36000	-19410.0650074007	104937.7162425993	301.5333224850597	0.9749224042961362	20.3	1:05:54
7.4%	37000	-23028.2905933382	100817.2015941618	300.3153120924253	0.9749224042961362	20.2	1:06:06
7.6%	38000	-26825.4370777132	96964.4535472868	300.18048279585526	0.9749224042961362	20.1	1:06:16
7.8%	39000	-28530.3960620882	94807.3070629118	299.0839646441796	0.9749224042961362	20	1:06:25
8.0%	40000	-31438.6480152132	91745.2426097868	298.7109817594147	0.9749224042961362	19.9	1:06:34
8.2%	41000	-33604.4995777132	90403.3285472868	300.7089636244513	0.9749224042961362	19.8	1:06:44
8.4%	42000	-34132.5874683382	88901.2562816618	298.3471302110201	0.9749224042961362	19.7	1:06:52
8.6%	43000	-35271.5591480257	87858.7377269743	298.58102124593006	0.9749224042961362	19.6	1:07:01
8.8%	44000	-38261.2837574007	85139.8412425993	299.2377575666969	0.9749224042961362	19.5	1:07:12
9.0%	45000	-39959.2359058382	83421.7484691618	299.18891817839324	0.9749224042961362	19.5	1:07:21
9.2%	46000	-40205.2202808382	82882.0765941618	298.476749720242	0.9749224042961362	19.4	1:07:27
9.4%	47000	-43255.0405933382	79908.8812816618	298.6625591540989	0.9749224042961362	19.3	1:07:35
9.6%	48000	-44177.8609058382	81134.5609691618	303.8724980596968	0.9749224042961362	19.2	1:07:43
9.8%	49000	-46116.8013355257	78524.7924144743	302.24579405811113	0.9749224042961362	19.1	1:07:50
10.0%	50000	-45350.0337574007	79161.4115550993	301.93019461290095	0.9749224042961362	19.1	1:07:57
10.2%	51000	-47385.4409839632	76514.8949535368	300.44830375491256	0.9749224042961362	19	1:08:05
10.4%	52000	-48770.3853199007	74771.5053050993	299.5791028337476	0.9749224042961362	18.9	1:08:12
10.6%	53000	-51497.8511402132	71784.7504222868	298.95034780721056	0.9749224042961362	18.8	1:08:18
10.8%	54000	-55296.0679370882	68503.0180004118	300.20278068570525	0.9749224042961362	18.8	1:08:24
11.0%	55000	-56372.0152027132	66989.7191722868	299.14223848375383	0.9749224042961362	18.7	1:08:30
11.2%	56000	-55492.0620777132	67782.9222972868	298.9318767429762	0.9749224042961362	18.6	1:08:35
11.4%	57000	-56597.4468433382	66849.4281566618	299.34869762019053	0.9749224042961362	18.6	1:08:40
11.6%	58000	-58585.4663745882	65265.7601879118	300.3292174884745	0.9749224042961362	18.5	1:08:44
11.8%	59000	-57500.8208667757	66074.2416332243	299.65954195040297	0.9749224042961362	18.5	1:08:48
12.0%	60000	-58781.3374683382	64648.8500316618	299.3082317810064	0.9749224042961362	18.4	1:08:52
12.2%	61000	-59644.0122730257	63793.9096019743	299.32698701545974	0.9749224042961362	18.3	1:08:55
12.4%	62000	-58209.6851245882	64343.9242504118	297.1826006535996	0.9749224042961362	18.3	1:08:58
12.6%	63000	-60248.8638355257	63160.0111644743	299.25655069051277	0.9749224042961362	18.2	1:09:01
12.8%	64000	-60454.2505542757	62369.0306957243	297.83653316153914	0.9749224042961362	18.2	1:09:04
13.0%	65000	-60269.4370777132	62835.4535472868	298.51941314245306	0.9749224042961362	18.1	1:09:06
13.2%	66000	-60726.6372730257	62333.9096019743	298.4118831315873	0.9749224042961362	18.1	1:09:07
13.4%	67000	-59910.4028980257	63578.7064769743	299.45111256711454	0.9749224042961362	18	1:09:09
13.6%	68000	-61324.3286792757	62504.6244457243	300.2752062021852	0.9749224042961362	18	1:09:11
13.8%	69000	-61749.5923511507	60949.1967113493	297.53464966556555	0.9749224042961362	17.9	1:09:11
14.0%	70000	-62053.4321949007	60824.1771800993	297.9682744750628	0.9749224042961362	17.9	1:09:11
14.2%	71000	-61238.5493824007	61126.4818675993	296.72531393720107	0.9749224042961362	17.9	1:09:12
14.4%	72000	-61109.7827808382	62017.0453441618	298.5726098074479	0.9749224042961362	17.8	1:09:13
14.6%	73000	-64277.1773120882	58599.4633129118	297.96592533458585	0.9749224042961362	17.8	1:09:13
14.8%	74000	-64323.3804370882	59707.6039379118	300.76511565972373	0.9749224042961362	17.7	1:09:13
15.0%	75000	-65050.7671558382	58853.5531566618	300.4579655423582	0.9749224042961362	17.7	1:09:14
15.2%	76000	-64269.8579761507	60780.4857738493	303.2369797819478	0.9749224042961362	17.6	1:09:14
15.4%	77000	-65319.5444995882	57369.7211254118	297.5115560991023	0.9749224042961362	17.6	1:09:14
15.6%	78000	-67954.6763355257	54799.7767894743	297.6696305195857	0.9749224042961362	17.6	1:09:13
15.8%	79000	-65558.5542652132	57108.0082347868	297.45650285534333	0.9749224042961362	17.5	1:09:13
16.0%	80000	-64690.4888355257	58182.9564769743	297.95817695994805	0.9749224042961362	17.5	1:09:12
16.2%	81000	-65576.8960620882	58091.7133129118	299.88638556388196	0.9749224042961362	17.4	1:09:11
16.4%	82000	-66314.8257495882	56859.1273754118	298.6868841248444	0.9749224042961362	17.4	1:09:10
16.6%	83000	-67652.1987964632	55506.6918285368	298.65035877936356	0.9749224042961362	17.4	1:09:08
16.8%	84000	-67070.9194995882	55895.7836254118	298.1843196202202	0.9749224042961362	17.3	1:09:07
17.0%	85000	-65633.2622730257	56586.6283519743	296.3733596486415	0.9749224042961362	17.3	1:09:06
17.2%	86000	-65390.6958667757	58832.0775707243	301.23018864012255	0.9749224042961362	17.3	1:09:04
17.4%	87000	-64827.0523120882	58380.6039379118	298.7686114798259	0.9749224042961362	17.2	1:09:01
17.6%	88000	-64321.1196949007	58485.9584300993	297.79724189259343	0.9749224042961362	17.2	1:08:59
17.8%	89000	-66570.1353199007	56434.9271800993	298.27733800523623	0.9749224042961362	17.2	1:08:58
18.0%	90000	-65894.8755542757	57186.3666332243	298.4620675922609	0.9749224042961362	17.1	1:08:55
18.2%	91000	-66641.8892261507	55645.1263988493	296.5361323500789	0.9749224042961362	17.1	1:08:52
18.4%	92000	-66014.6831714632	57791.1371410368	300.21911100095656	0.9749224042961362	17.1	1:08:50
18.6%	93000	-63195.4165699007	61069.7318675993	301.33294459130934	0.9749224042961362	17	1:08:47
18.8%	94000	-64780.5747730257	59247.0736644743	300.75702628082314	0.9749224042961362	17	1:08:44
19.0%	95000	-65368.7691089632	57699.8558910368	298.4314719320163	0.9749224042961362	17	1:08:42
19.2%	96000	-65310.4341480257	58499.0580394743	300.2280150011516	0.9749224042961362	16.9	1:08:39
19.4%	97000	-65702.0405933382	57521.6312816618	298.80744807642117	0.9749224042961362	16.9	1:08:35
19.6%	98000	-64815.0611011507	58870.1107738493	299.92654828816586	0.9749224042961362	16.9	1:08:32
19.8%	99000	-65779.1587574007	57885.0131175993	299.87562498492287	0.9749224042961362	16.9	1:08:29
20.0%	100000	-63487.4761402132	59747.5551097868	298.83499364298194	0.9749224042961362	16.8	1:08:25
20.2%	101000	-62997.5386402132	60925.3988597868	300.50311071781505	0.9749224042961362	16.8	1:08:22
20.4%	102000	-61499.2808277132	62272.0785472868	300.1355460118923	0.9749224042961362	16.8	1:08:18
20.6%	103000	-61811.2837574007	61400.0443675993	298.7775154800209	0.9749224042961362	16.8	1:08:14
20.8%	104000	-62226.9595386507	61094.1029613493	299.04361247308304	0.9749224042961362	16.7	1:08:09
21.0%	105000	-62202.6255542757	60655.6635082243	297.92142427829197	0.9749224042961362	16.7	1:08:04
21.2%	106000	-63386.1821949007	59479.2943675993	297.9388533850567	0.9749224042961362	16.7	1:08:00
21.4%	107000	-62748.7271167757	60205.1166332243	298.1531366748564	0.9749224042961362	16.7	1:07:54
21.6%	108000	-62932.4048511507	60021.2357738493	298.1526441131435	0.9749224042961362	16.6	1:07:50
21.8%	109000	-62708.4712574007	60954.2631175993	299.8721391635699	0.9749224042961362	16.6	1:07:45
22.0%	110000	-62416.2798511507	61727.4545238493	301.0385252997545	0.9749224042961362	16.6	1:07:40
22.2%	111000	-63727.1489917757	59743.5463207243	299.4064599533706	0.9749224042961362	16.6	1:07:35
22.4%	112000	-62041.5601245882	60850.9398754118	298.0043830375558	0.9749224042961362	16.6	1:07:30
22.6%	113000	-60412.4400074007	62878.2474925993	298.96995555232087	0.9749224042961362	16.5	1:07:24
22.8%	114000	-60704.7368824007	62467.3724925993	298.6824131800657	0.9749224042961362	16.5	1:07:19
23.0%	115000	-60170.6499683382	63529.1234691618	299.961955897452	0.9749224042961362	16.5	1:07:14
23.2%	116000	-60941.2944995882	62801.9867504118	300.0674588274223	0.9749224042961362	16.5	1:07:08
23.4%	117000	-61564.9497730257	61712.9721019743	298.9389999431322	0.9749224042961362	16.5	1:07:02
23.6%	118000	-62517.1411792757	60830.2806957243	299.1075318276745	0.9749224042961362	16.4	1:06:56
23.8%	119000	-64345.2691089632	58864.1215160368	298.77281719906694	0.9749224042961362	16.4	1:06:50
24.0%	120000	-62389.9956714632	60427.1293285368	297.82160475270155	0.9749224042961362	16.4	1:06:44
24.2%	121000	-63321.7788745882	59731.5492504118	298.3943782460975	0.9749224042961362	16.4	1:06:38
24.4%	122000	-63604.8433277132	59511.8676097868	298.5480764452085	0.9749224042961362	16.4	1:06:31
24.6%	123000	-61748.2417652132	61705.5707347868	299.36552049715476	0.9749224042961362	16.3	1:06:25
24.8%	124000	-63118.9234058382	60293.9828441618	299.266326146046	0.9749224042961362	16.3	1:06:19
25.0%	125000	-61689.6284839632	61643.0043285368	299.071669546038	0.9749224042961362	16.3	1:06:13
25.2%	126000	-61926.3872730257	61031.3939769743	298.16268479421444	0.9749224042961362	16.3	1:06:07
25.4%	127000	-63217.5503589632	59639.2777660368	297.91788162289527	0.9749224042961362	16.3	1:06:00
25.6%	128000	-62763.3218433382	59001.0609691618	295.26879000742787	0.9749224042961362	16.3	1:05:53
25.8%	129000	-66359.8833667757	57130.2885082243	299.4536890437667	0.9749224042961362	16.2	1:05:46
26.0%	130000	-63720.9136402132	59147.5316722868	297.9460523639378	0.9749224042961362	16.2	1:05:40
26.2%	131000	-64549.0093433382	58212.6312816618	297.68705962635045	0.9749224042961362	16.2	1:05:33
26.4%	132000	-63285.9019214632	60623.8715160368	300.47118892988186	0.9749224042961362	16.2	1:05:26
26.6%	133000	-62639.5503589632	60908.3558910368	299.5936902383224	0.9749224042961362	16.2	1:05:19
26.8%	134000	-62081.5474292757	61462.7494457243	299.5849377955775	0.9749224042961362	16.2	1:05:12
27.0%	135000	-60059.3237964632	63862.0668285368	300.4993596709244	0.9749224042961362	16.2	1:05:05
27.2%	136000	-62891.5747730257	59900.0971019743	297.7598829811369	0.9749224042961362	16.1	1:04:58
27.4%	137000	-63553.5640308382	59348.1703441618	298.0267756508122	0.9749224042961362	16.1	1:04:50
27.6%	138000	-61754.4292652132	61336.7113597868	298.4860705034249	0.9749224042961362	16.1	1:04:43
27.8%	139000	-62214.7349292757	59801.1791332243	295.8787329654677	0.9749224042961362	16.1	1:04:35
28.0%	140000	-62802.9839527132	58967.8129222868	295.28434359074726	0.9749224042961362	16.1	1:04:28
28.2%	141000	-61778.1040699007	61061.7396800993	297.876695885823	0.9749224042961362	16.1	1:04:20
28.4%	142000	-61463.0298511507	61400.2592113493	297.93354887430223	0.9749224042961362	16.1	1:04:13
28.6%	143000	-63249.4585620882	59264.3851879118	297.0861722259557	0.9749224042961362	16	1:04:05
28.8%	144000	-62390.4146167757	60824.7885082243	298.7869120419289	0.9749224042961362	16	1:03:57
29.0%	145000	-61059.6558277132	61403.0629222868	296.9621982317511	0.9749224042961362	16	1:03:49
29.2%	146000	-61101.7202808382	62290.7953441618	299.21688052794184	0.9749224042961362	16	1:03:41
29.4%	147000	-61167.1069995882	62176.8851879118	299.09921511259876	0.9749224042961362	16	1:03:33
29.6%	148000	-61172.1167652132	61331.0785472868	297.06035062539013	0.9749224042961362	16	1:03:26
29.8%	149000	-63134.5640308382	60355.6547191618	299.4538027118543	0.9749224042961362	16	1:03:18
30.0%	150000	-63162.1236011507	60081.2435863493	298.85520761789275	0.9749224042961362	16	1:03:10
30.2%	151000	-62599.5855152132	60457.1566722868	298.4026570718107	0.9749224042961362	15.9	1:03:01
30.4%	152000	-63875.1704761507	59361.6263988493	298.839275140948	0.9749224042961362	15.9	1:02:53
30.6%	153000	-61881.4741870882	61183.2289379118	298.4219617020208	0.9749224042961362	15.9	1:02:45
30.8%	154000	-62356.3413745882	62473.3930004118	302.70201987235873	0.9749224042961362	15.9	1:02:36
31.0%	155000	-60015.6773120882	63034.9711254118	298.3878802204233	0.9749224042961362	15.9	1:02:27
31.2%	156000	-61215.3023120882	62737.6976879118	300.5760098513266	0.9749224042961362	15.9	1:02:19
31.4%	157000	-60952.6245777132	62196.1801097868	298.6259011958492	0.9749224042961362	15.9	1:02:11
31.6%	158000	-61111.6089527132	62015.7660472868	298.5739359351366	0.9749224042961362	15.9	1:02:02
31.8%	159000	-60674.4693042757	61844.7494457243	297.0992061666667	0.9749224042961362	15.9	1:01:54
32.0%	160000	-61777.8374683382	61950.1859691618	300.03045986490986	0.9749224042961362	15.9	1:01:45
32.2%	161000	-61856.7007495882	60328.3930004118	296.2889800382828	0.9749224042961362	15.8	1:01:37
32.4%	162000	-61331.4194995882	62364.5492504118	299.95272983767546	0.9749224042961362	15.8	1:01:28
32.6%	163000	-62105.5913745882	61039.2523754118	298.61629624244733	0.9749224042961362	15.8	1:01:19
32.8%	164000	-62421.1157886507	60790.1420238493	298.7773449778895	0.9749224042961362	15.8	1:01:11
33.0%	165000	-62197.3941089632	60185.4183910368	296.76843203176253	0.9749224042961362	15.8	1:01:02
33.2%	166000	-64670.9966480257	58073.3471019743	297.64511610202754	0.9749224042961362	15.8	1:00:53
33.4%	167000	-64262.6431324007	58958.1537425993	298.80047643371535	0.9749224042961362	15.8	1:00:44
33.6%	168000	-63561.1323902132	59483.3519847868	298.3729328669044	0.9749224042961362	15.8	1:00:36
33.8%	169000	-64984.1372730257	58174.4174144743	298.64954415806915	0.9749224042961362	15.8	1:00:27
34.0%	170000	-63728.9663745882	59206.6898754118	298.1090334568691	0.9749224042961362	15.8	1:00:18
34.2%	171000	-64317.2642261507	57773.3138988493	296.05978728432683	0.9749224042961362	15.8	1:00:09
34.4%	172000	-66620.0152027132	56203.6722972868	297.837518284965	0.9749224042961362	15.7	1:00:00
34.6%	173000	-67241.6568042757	54828.0931957243	296.00928076407166	0.9749224042961362	15.7	59:51
34.8%	174000	-66997.1704761507	56263.3529613493	298.8968101379529	0.9749224042961362	15.7	59:42
35.0%	175000	-66243.5679370882	56450.4945629118	297.52318813339963	0.9749224042961362	15.7	59:33
35.2%	176000	-65146.7818042757	58303.0931957243	299.3559723777967	0.9749224042961362	15.7	59:24
35.4%	177000	-62883.2202808382	60423.2328441618	299.00818591911565	0.9749224042961362	15.7	59:14
35.6%	178000	-62734.8833667757	60352.8119457243	298.47771589898656	0.9749224042961362	15.7	59:05
35.8%	179000	-64629.6958667757	59052.3978832243	299.91908408374707	0.9749224042961362	15.7	58:56
36.0%	180000	-65352.6392261507	57868.9388988493	298.8023709018419	0.9749224042961362	15.7	58:47
36.2%	181000	-65363.2857105257	57785.6830394743	298.62629903415575	0.9749224042961362	15.7	58:38
36.4%	182000	-64888.0405933382	58531.4125316618	299.2822017889469	0.9749224042961362	15.7	58:28
36.6%	183000	-64085.6958667757	59049.2494457243	298.5922933312833	0.9749224042961362	15.7	58:19
36.8%	184000	-62695.9009449007	60750.5053050993	299.34756093931463	0.9749224042961362	15.6	58:10
37.0%	185000	-61140.7124683382	62559.8969066618	299.9639829783475	0.9749224042961362	15.6	58:00
37.2%	186000	-62296.2964527132	62012.2347972868	301.43814440637937	0.9749224042961362	15.6	57:51
37.4%	187000	-62234.5288745882	61140.2992504118	299.1739897695556	0.9749224042961362	15.6	57:42
37.6%	188000	-62762.1480152132	60162.2660472868	298.0817720605274	0.9749224042961362	15.6	57:32
37.8%	189000	-64393.5972339632	59083.7465160368	299.4225818771279	0.9749224042961362	15.6	57:23
38.0%	190000	-62952.9273120882	60116.7055004118	298.4339157958996	0.9749224042961362	15.6	57:13
38.2%	191000	-63466.8579761507	60032.8451488493	299.4768015549112	0.9749224042961362	15.6	57:04
38.4%	192000	-62670.0239917757	60284.8041332243	298.1555237046959	0.9749224042961362	15.6	56:54
38.6%	193000	-63722.5884449007	59017.6224925993	297.6350943656378	0.9749224042961362	15.6	56:45
38.8%	194000	-64693.9126636507	59178.3998363493	300.3803491832114	0.9749224042961362	15.6	56:35
39.0%	195000	-64953.3277027132	58328.6644847868	298.9488701220718	0.9749224042961362	15.6	56:25
39.2%	196000	-65200.3042652132	58650.2426097868	300.32756930120433	0.9749224042961362	15.6	56:16
39.4%	197000	-64777.9351245882	58607.6586254118	299.20009554034016	0.9749224042961362	15.6	56:06
39.6%	198000	-64579.3120777132	58858.4691722868	299.32664601119694	0.9749224042961362	15.5	55:57
39.8%	199000	-64339.7280933382	59186.1469066618	299.5402662371523	0.9749224042961362	15.5	55:47
40.0%	200000	-65429.0386402132	58019.2972972868	299.35224027558735	0.9749224042961362	15.5	55:37
40.2%	201000	-66076.6245777132	57816.0941722868	300.4298326906782	0.9749224042961362	15.5	55:27
40.4%	202000	-65861.2827808382	57034.0219066618	298.0111841781303	0.9749224042961362	15.5	55:17
40.6%	203000	-64708.0327808382	58060.5609691618	297.70392039267716	0.9749224042961362	15.5	55:08
40.8%	204000	-64049.0298511507	59376.0170238493	299.2957661807334	0.9749224042961362	15.5	54:58
41.0%	205000	-64186.4419605257	58825.5346019743	298.2941040481566	0.9749224042961362	15.5	54:48
41.2%	206000	-64343.1353199007	58937.4740550993	298.9455169134878	0.9749224042961362	15.5	54:38
41.4%	207000	-65304.1636402132	57678.2113597868	298.22232265083977	0.9749224042961362	15.5	54:28
41.6%	208000	-64870.2280933382	58552.7562816618	299.2907647848792	0.9749224042961362	15.5	54:18
41.8%	209000	-64623.4566089632	58916.9652660368	299.5755412336696	0.9749224042961362	15.5	54:08
42.0%	210000	-65136.4204761507	57492.4310863493	297.3650568788724	0.9749224042961362	15.5	53:58
42.2%	211000	-65454.9214527132	57889.1722972868	299.09946139345516	0.9749224042961362	15.5	53:48
42.4%	212000	-66788.4780933382	56667.2719066618	299.3702187781088	0.9749224042961362	15.5	53:38
42.6%	213000	-67419.8530933382	55924.3812816618	299.099802397718	0.9749224042961362	15.5	53:28
42.8%	214000	-65650.9302417757	57278.2416332243	298.09330937141834	0.9749224042961362	15.4	53:18
43.0%	215000	-67596.6206714632	56749.4730785368	301.5292304339062	0.9749224042961362	15.4	53:08
43.2%	216000	-66448.7329761507	57028.1654613493	299.42150203029576	0.9749224042961362	15.4	52:58
43.4%	217000	-66407.5767261507	56526.6263988493	298.1055097461537	0.9749224042961362	15.4	52:48
43.6%	218000	-66636.3433277132	56065.1722972868	297.54126135932734	0.9749224042961362	15.4	52:38
43.8%	219000	-66711.7749683382	55586.9750316618	296.5645872613404	0.9749224042961362	15.4	52:26
44.0%	220000	-67572.5982105257	55638.7533519743	298.7775723140647	0.9749224042961362	15.4	52:11
44.2%	221000	-66905.7661792757	55218.3353832243	296.14107891163917	0.9749224042961362	15.5	51:57
44.4%	222000	-66385.6743824007	57734.5756175993	300.98157758786897	0.9749224042961362	15.5	51:42
44.6%	223000	-66790.0220386507	56987.7982738493	300.15121326329927	0.9749224042961362	15.5	51:28
44.8%	224000	-65959.8052417757	57630.0228832243	299.6953473979957	0.9749224042961362	15.5	51:14
45.0%	225000	-65341.1568042757	57330.0775707243	297.4678317747404	0.9749224042961362	15.5	50:59
45.2%	226000	-64907.1577808382	58857.3109691618	300.11883680301565	0.9749224042961362	15.5	50:45
45.4%	227000	-65734.3091480257	57872.7221019743	299.73706358614345	0.9749224042961362	15.6	50:31
45.6%	228000	-66895.3530933382	56553.3265941618	299.353073841563	0.9749224042961362	15.6	50:17
45.8%	229000	-67845.7329761507	55762.0717113493	299.7389391095888	0.9749224042961362	15.6	50:03
46.0%	230000	-66430.5718433382	56702.0687816618	298.58670465030985	0.9749224042961362	15.6	49:49
46.2%	231000	-66289.2183277132	56979.4769847868	298.91662627455713	0.9749224042961362	15.6	49:35
46.4%	232000	-67871.2144214632	56116.1449535368	300.6593285595344	0.9749224042961362	15.6	49:21
46.6%	233000	-67346.8364917757	54855.1088207243	296.3298437157735	0.9749224042961362	15.7	49:07
46.8%	234000	-66613.3501636507	56283.5013988493	298.0149352250209	0.9749224042961362	15.7	48:53
47.0%	235000	-67474.7017261507	55637.8138988493	298.53790315136865	0.9749224042961362	15.7	48:39
47.2%	236000	-68060.4810230257	55327.5346019743	299.20596839153256	0.9749224042961362	15.7	48:26
47.4%	237000	-67757.1636402132	55305.3676097868	298.41669508062887	0.9749224042961362	15.7	48:12
47.6%	238000	-67511.5054370882	55538.8617504118	298.38719821189767	0.9749224042961362	15.7	47:58
47.8%	239000	-66282.5943042757	57175.6478832243	299.3762621314326	0.9749224042961362	15.7	47:45
48.0%	240000	-64601.8745777132	58798.7660472868	299.2365829964584	0.9749224042961362	15.8	47:31
48.2%	241000	-65445.1343433382	59335.1469066618	302.58210003994503	0.9749224042961362	15.8	47:17
48.4%	242000	-66832.9976245882	56277.1117504118	298.53206818953873	0.9749224042961362	15.8	47:04
48.6%	243000	-65928.8140308382	56876.6078441618	297.793225620165	0.9749224042961362	15.8	46:51
48.8%	244000	-66136.9068042757	57250.7728832243	299.20515377023816	0.9749224042961362	15.8	46:37
49.0%	245000	-67394.2456714632	56078.7855785368	299.41212441306914	0.9749224042961362	15.8	46:24
49.2%	246000	-67324.7622730257	55629.4096019743	298.1539323514695	0.9749224042961362	15.8	46:10
49.4%	247000	-64708.8960620882	58757.7914379118	299.3967413318812	0.9749224042961362	15.9	45:57
49.6%	248000	-64954.4331714632	58022.6918285368	298.20959182502907	0.9749224042961362	15.9	45:44
49.8%	249000	-66468.0425464632	57167.8012035368	299.8069315706524	0.9749224042961362	15.9	45:30
50.0%	250000	-64228.3989917757	58791.0541332243	298.31223410812817	0.9749224042961362	15.9	45:17
50.2%	251000	-65684.3452808382	57172.8890941618	297.9188667463211	0.9749224042961362	15.9	45:04
50.4%	252000	-64634.6509449007	58911.9662425993	299.59056436591345	0.9749224042961362	15.9	44:51
50.6%	253000	-64413.2144214632	59118.7387035368	299.55500519917723	0.9749224042961362	15.9	44:38
50.8%	254000	-65492.0337574007	57718.4271800993	298.7754126204004	0.9749224042961362	15.9	44:25
51.0%	255000	-66698.8179370882	56908.5180004118	299.73780242871277	0.9749224042961362	16	44:12
51.2%	256000	-67212.0708667757	55672.2416332243	297.9845290115891	0.9749224042961362	16	43:59
51.4%	257000	-65738.1587574007	56852.2631175993	297.27186799172495	0.9749224042961362	16	43:46
51.6%	258000	-67616.8032886507	56310.8920238493	300.514648028706	0.9749224042961362	16	43:33
51.8%	259000	-67250.7798511507	56368.5326488493	299.76684462509354	0.9749224042961362	16	43:20
52.0%	260000	-64955.1109058382	59365.9828441618	301.46860745385504	0.9749224042961362	16	43:07
52.2%	261000	-67388.0132495882	55015.6898754118	296.81909010946777	0.9749224042961362	16	42:55
52.4%	262000	-67808.4292652132	55917.4926097868	300.02536374564926	0.9749224042961362	16	42:42
52.6%	263000	-68966.0728199007	54093.9428050993	298.4105948932612	0.9749224042961362	16.1	42:29
52.8%	264000	-68894.3784839632	54663.5433910368	299.6179773197054	0.9749224042961362	16.1	42:16
53.0%	265000	-67345.2290699007	56163.5834300993	299.49889105326736	0.9749224042961362	16.1	42:04
53.2%	266000	-68944.5122730257	54567.2377269743	299.50601425342336	0.9749224042961362	16.1	41:51
53.4%	267000	-68522.0386402132	53904.5472972868	296.87457908089584	0.9749224042961362	16.1	41:39
53.6%	268000	-67310.0952808382	56411.8109691618	300.0156261794786	0.9749224042961362	16.1	41:26
53.8%	269000	-66081.8941089632	57502.5277660368	299.6822376785596	0.9749224042961362	16.1	41:13
54.0%	270000	-69723.5718433382	53028.5375316618	297.66394711520593	0.9749224042961362	16.1	41:01
54.2%	271000	-68639.7261402132	54422.2894847868	298.41544473166533	0.9749224042961362	16.2	40:48
54.4%	272000	-69920.8989917757	52633.0228832243	297.18335844085027	0.9749224042961362	16.2	40:36
54.6%	273000	-69271.5073902132	53495.5004222868	297.70007462238016	0.9749224042961362	16.2	40:23
54.8%	274000	-68567.6275074007	54725.6693675993	298.9762830758637	0.9749224042961362	16.2	40:11
55.0%	275000	-69495.7573902132	54379.9379222868	300.3885522301996	0.9749224042961362	16.2	39:59
55.2%	276000	-67686.6714527132	56225.8754222868	300.4779142917313	0.9749224042961362	16.2	39:46
55.4%	277000	-69525.7280933382	54029.4281566618	299.6112709025372	0.9749224042961362	16.2	39:34
55.6%	278000	-68194.7612964632	55365.9340160368	299.6247026815548	0.9749224042961362	16.2	39:22
55.8%	279000	-67271.0523120882	56643.7133129118	300.4832945812108	0.9749224042961362	16.3	39:09
56.0%	280000	-67340.1782886507	56360.0326488493	299.9630167996029	0.9749224042961362	16.3	38:57
56.2%	281000	-66804.4517261507	57065.3842113493	300.3743437192501	0.9749224042961362	16.3	38:45
56.4%	282000	-67715.6626636507	55455.6342113493	298.680442933214	0.9749224042961362	16.3	38:33
56.6%	283000	-66161.9527027132	57093.9222972868	298.8855380525996	0.9749224042961362	16.3	38:20
56.8%	284000	-65324.0552417757	58642.2416332243	300.60825369884134	0.9749224042961362	16.3	38:08
57.0%	285000	-66780.0835620882	56502.7758129118	298.9509729816923	0.9749224042961362	16.3	37:56
57.2%	286000	-64347.7232105257	58813.3158519743	298.65556856671174	0.9749224042961362	16.3	37:44
57.4%	287000	-65972.4614917757	56742.0385082243	297.57274741959145	0.9749224042961362	16.3	37:32
57.6%	288000	-64822.5025074007	59053.5599925993	300.3894426302191	0.9749224042961362	16.4	37:20
57.8%	289000	-63321.3648120882	60021.2289379118	299.0958240146521	0.9749224042961362	16.4	37:08
58.0%	290000	-63803.0571949007	59235.5990550993	298.35880013468	0.9749224042961362	16.4	36:56
58.2%	291000	-65438.7788745882	57528.9555004118	298.1868203181473	0.9749224042961362	16.4	36:44
58.4%	292000	-64214.6694995882	60244.0336254118	301.8022990696743	0.9749224042961362	16.4	36:32
58.6%	293000	-64113.2134449007	59227.2474925993	299.09065211666655	0.9749224042961362	16.4	36:20
58.8%	294000	-65811.8941089632	57545.7152660368	299.13223569204536	0.9749224042961362	16.4	36:08
59.0%	295000	-63893.0718433382	59150.1469066618	298.3698638285393	0.9749224042961362	16.4	35:56
59.2%	296000	-64106.1724292757	59599.1166332243	299.97533084242576	0.9749224042961362	16.4	35:45
59.4%	297000	-63141.4644214632	60872.1527660368	300.7230016332694	0.9749224042961362	16.4	35:33
59.6%	298000	-64412.0933277132	59145.6801097868	299.6176173707613	0.9749224042961362	16.5	35:21
59.8%	299000	-64123.1499683382	58358.5375316618	297.0081959178649	0.9749224042961362	16.5	35:09
60.0%	300000	-61810.2798511507	61314.2435863493	298.56702112647446	0.9749224042961362	16.5	34:57
60.2%	301000	-62307.6138355257	60715.5111644743	298.32113810832317	0.9749224042961362	16.5	34:45
60.4%	302000	-63394.7310230257	59700.3002269743	298.4955049546953	0.9749224042961362	16.5	34:34
60.6%	303000	-62739.3013355257	61208.1517894743	300.56255912762776	0.9749224042961362	16.5	34:22
60.8%	304000	-64264.0943042757	59193.1400707243	299.37381826754927	0.9749224042961362	16.5	34:10
61.0%	305000	-66383.6460620882	57629.0726879118	300.7208229949239	0.9749224042961362	16.5	33:59
61.2%	306000	-64405.5903980257	59133.2611644743	299.5717333527351	0.9749224042961362	16.5	33:47
61.4%	307000	-63321.6919605257	59315.5502269743	297.3854034665521	0.9749224042961362	16.5	33:35
61.6%	308000	-65032.3003589632	57985.9574535368	298.3093355718945	0.9749224042961362	16.6	33:24
61.8%	309000	-65127.7183277132	58166.5082347868	298.9785374929343	0.9749224042961362	16.6	33:12
62.0%	310000	-65493.6099292757	57385.0775707243	297.9708888410775	0.9749224042961362	16.6	33:01
62.2%	311000	-63186.1890308382	59835.6390941618	298.31799329123305	0.9749224042961362	16.6	32:49
62.4%	312000	-63617.5757495882	59041.1508129118	297.4375013400335	0.9749224042961362	16.6	32:37
62.6%	313000	-63720.7905933382	58320.2640941618	295.93969694978165	0.9749224042961362	16.6	32:26
62.8%	314000	-64833.8462574007	58785.3178050993	299.76648467614945	0.9749224042961362	16.6	32:14
63.0%	315000	-64657.3970386507	59646.8217113493	301.4276869423205	0.9749224042961362	16.6	32:03
63.2%	316000	-64880.5249683382	58363.9828441618	298.8579735413576	0.9749224042961362	16.6	31:51
63.4%	317000	-65036.3306324007	58144.8724925993	298.7044647890593	0.9749224042961362	16.6	31:40
63.6%	318000	-62685.9927417757	60854.9916332243	299.5769052507207	0.9749224042961362	16.6	31:29
63.8%	319000	-62685.7671558382	60777.6703441618	299.3888603444745	0.9749224042961362	16.7	31:17
64.0%	320000	-63750.8843433382	59596.6156566618	299.1077212744872	0.9749224042961362	16.7	31:06
64.2%	321000	-65005.1870777132	58957.0629222868	300.59844035394553	0.9749224042961362	16.7	30:54
64.4%	322000	-64129.7749683382	58151.1390941618	296.52133655401013	0.9749224042961362	16.7	30:43
64.6%	323000	-64808.3902027132	58896.4301097868	299.97419416154986	0.9749224042961362	16.7	30:32
64.8%	324000	-64761.3472339632	58117.4183910368	297.9710782878902	0.9749224042961362	16.7	30:21
65.0%	325000	-64011.4429370882	58694.4945629118	297.5519840489239	0.9749224042961362	16.7	30:09
65.2%	326000	-64504.9331714632	59238.1215160368	300.0669094316656	0.9749224042961362	16.7	29:58
65.4%	327000	-65117.0044605257	59139.1049144743	301.3110255950846	0.9749224042961362	16.7	29:47
65.6%	328000	-63281.0581714632	59872.4574535368	298.63732483865255	0.9749224042961362	16.7	29:35
65.8%	329000	-65303.0503589632	57931.4965160368	298.8338190727435	0.9749224042961362	16.7	29:24
66.0%	330000	-66597.1694995882	56549.2680004118	298.6201609574256	0.9749224042961362	16.8	29:13
66.2%	331000	-64437.2495777132	59111.7660472868	299.5963803830621	0.9749224042961362	16.8	29:02
66.4%	332000	-64754.2075855257	59403.0502269743	301.07131854302594	0.9749224042961362	16.8	28:51
66.6%	333000	-63233.4185230257	60108.6908519743	299.0946494444136	0.9749224042961362	16.8	28:39
66.8%	334000	-63067.4253589632	61378.0199535368	301.77014994556583	0.9749224042961362	16.8	28:28
67.0%	335000	-63742.7300464632	59053.4808910368	297.77088984095246	0.9749224042961362	16.8	28:17
67.2%	336000	-64671.2300464632	59138.1605785368	300.2277687202951	0.9749224042961362	16.8	28:06
67.4%	337000	-63568.6196949007	59589.3724925993	298.64818014101803	0.9749224042961362	16.8	27:55
67.6%	338000	-64780.1597339632	58817.5746410368	299.7145194154369	0.9749224042961362	16.8	27:44
67.8%	339000	-64724.9321949007	58592.8099925993	299.035560983545	0.9749224042961362	16.8	27:33
68.0%	340000	-65174.8277027132	57340.3129222868	297.08931704304587	0.9749224042961362	16.8	27:22
68.2%	341000	-63100.5679370882	61057.1586254118	301.0724552239019	0.9749224042961362	16.8	27:11
68.4%	342000	-61968.7642261507	61501.3607738493	299.40507699163817	0.9749224042961362	16.9	27:00
68.6%	343000	-60972.3784839632	61671.9574535368	297.4026052371416	0.9749224042961362	16.9	26:49
68.8%	344000	-59173.8140308382	64481.5922191618	299.85436905254244	0.9749224042961362	16.9	26:38
69.0%	345000	-60926.8452808382	62093.6156566618	298.3146779720115	0.9749224042961362	16.9	26:27
69.2%	346000	-60389.6987964632	63141.1371410368	299.5522961097562	0.9749224042961362	16.9	26:16
69.4%	347000	-60656.3218433382	62452.2172191618	298.5282603086042	0.9749224042961362	16.9	26:05
69.6%	348000	-59824.6206714632	62332.6215160368	296.22144224956946	0.9749224042961362	16.9	25:54
69.8%	349000	-62351.9683277132	60886.5472972868	298.8434429708266	0.9749224042961362	16.9	25:43
70.0%	350000	-61330.4009449007	61844.3724925993	298.68887331637734	0.9749224042961362	16.9	25:32
70.2%	351000	-59709.6753589632	62804.8871410368	297.0879151366322	0.9749224042961362	16.9	25:21
70.4%	352000	-63379.6841480257	60903.2064769743	301.37596796246436	0.9749224042961362	16.9	25:10
70.6%	353000	-61601.8599292757	61092.4369457243	297.52375647383764	0.9749224042961362	16.9	24:59
70.8%	354000	-61419.8218433382	62237.7640941618	299.85965461861565	0.9749224042961362	16.9	24:48
71.0%	355000	-59938.8638355257	63613.0189769743	299.60333308108676	0.9749224042961362	17	24:38
71.2%	356000	-58511.4937183382	64993.2640941618	299.4890587636903	0.9749224042961362	17	24:27
71.4%	357000	-60065.5581714632	62858.3949535368	298.08065432433267	0.9749224042961362	17	24:16
71.6%	358000	-60395.9146167757	62523.7572582243	298.0702726389989	0.9749224042961362	17	24:05
71.8%	359000	-61170.2241870882	62056.3383129118	298.81445760848965	0.9749224042961362	17	23:54
72.0%	360000	-60765.3550464632	62116.8012035368	297.9793002795596	0.9749224042961362	17	23:43
72.2%	361000	-61089.5943042757	62438.2806957243	299.5451160755564	0.9749224042961362	17	23:33
72.4%	362000	-60510.7437183382	63267.8344066618	300.15305089738206	0.9749224042961362	17	23:22
72.6%	363000	-60426.5571949007	62990.0287425993	299.27524909092233	0.9749224042961362	17	23:11
72.8%	364000	-60726.0806324007	62816.3568675993	299.5804289614362	0.9749224042961362	17	23:00
73.0%	365000	-60713.2505542757	62808.1244457243	299.52935410074303	0.9749224042961362	17	22:50
73.2%	366000	-60509.9419605257	62432.3783519743	298.12519326998904	0.9749224042961362	17	22:39
73.4%	367000	-60719.5679370882	61638.9398754118	296.709495128344	0.9749224042961362	17	22:28
73.6%	368000	-61725.2827808382	62314.3578441618	300.78610636656646	0.9749224042961362	17	22:18
73.8%	369000	-61507.5474292757	60910.0775707243	296.85284953148374	0.9749224042961362	17.1	22:07
74.0%	370000	-60202.3755542757	63527.8900707243	300.0358969884332	0.9749224042961362	17.1	21:56
74.2%	371000	-61396.9751636507	62379.3529613493	300.1475948291775	0.9749224042961362	17.1	21:46
74.4%	372000	-59579.6333667757	64290.6947582243	300.3755372341699	0.9749224042961362	17.1	21:35
74.6%	373000	-59532.2564136507	63539.0560863493	298.43798890237184	0.9749224042961362	17.1	21:24
74.8%	374000	-60773.6548511507	61702.9857738493	296.99595765376705	0.9749224042961362	17.1	21:14
75.0%	375000	-60920.4087574007	63117.8256175993	300.7826963239386	0.9749224042961362	17.1	21:03
75.2%	376000	-62168.1939136507	61170.2670238493	299.0858022782624	0.9749224042961362	17.1	20:52
75.4%	377000	-61720.4927417757	61999.0228832243	300.00982910701117	0.9749224042961362	17.1	20:42
75.6%	378000	-60240.6734058382	62420.7484691618	297.44403725507027	0.9749224042961362	17.1	20:31
75.8%	379000	-62323.3237964632	60943.9887035368	298.91327306597304	0.9749224042961362	17.1	20:21
76.0%	380000	-62003.5806324007	61369.1068675993	299.16879892688877	0.9749224042961362	17.1	20:10
76.2%	381000	-60073.1011402132	62737.1332347868	297.8048955438249	0.9749224042961362	17.1	20:00
76.4%	382000	-61659.2632495882	60744.5180004118	296.8192795562804	0.9749224042961362	17.1	19:49
76.6%	383000	-61662.1372730257	61504.6986644743	298.66962552021107	0.9749224042961362	17.1	19:38
76.8%	384000	-62037.2271167757	61876.1088207243	300.4798277045391	0.9749224042961362	17.2	19:28
77.0%	385000	-60355.2368824007	63665.1068675993	300.7393130038394	0.9749224042961362	17.2	19:17
77.2%	386000	-61913.4722339632	61530.2074535368	299.3409492455528	0.9749224042961362	17.2	19:07
77.4%	387000	-61888.4614917757	61863.4213207243	300.0883169214962	0.9749224042961362	17.2	18:56
77.6%	388000	-62571.1587574007	60981.8568675993	299.60608005987035	0.9749224042961362	17.2	18:46
77.8%	389000	-61058.8101245882	62640.4320629118	299.96066765912593	0.9749224042961362	17.2	18:35
78.0%	390000	-60451.4995777132	62687.0551097868	298.6010457740282	0.9749224042961362	17.2	18:25
78.2%	391000	-60385.3745777132	63382.1957347868	300.1263578414783	0.9749224042961362	17.2	18:14
78.4%	392000	-60491.0552417757	61759.5541332243	296.4478501353794	0.9749224042961362	17.2	18:04
78.6%	393000	-61601.6675464632	61538.8012035368	298.60568722093836	0.9749224042961362	17.2	17:54
78.8%	394000	-61584.1655933382	61515.0609691618	298.50567824853516	0.9749224042961362	17.2	17:43
79.0%	395000	-62739.5357105257	60441.1986644743	298.7033281081833	0.9749224042961362	17.2	17:33
79.2%	396000	-61407.1382495882	60975.6273754118	296.7683183636749	0.9749224042961362	17.2	17:22
79.4%	397000	-61789.0679370882	60707.7445629118	297.04487282079583	0.9749224042961362	17.2	17:12
79.6%	398000	-61595.7769214632	61798.5824535368	299.2213514727205	0.9749224042961362	17.2	17:01
79.8%	399000	-61712.2232105257	61647.4330394743	299.137199198537	0.9749224042961362	17.3	16:51
80.0%	400000	-61133.6001636507	62128.5326488493	298.9007127422937	0.9749224042961362	17.3	16:41
80.2%	401000	-61103.1568042757	61866.4369457243	298.19132915228863	0.9749224042961362	17.3	16:30
80.4%	402000	-59646.2808277132	64145.6097972868	300.1853326342593	0.9749224042961362	17.3	16:20
80.6%	403000	-60361.9429370882	63478.5570629118	300.30320644109634	0.9749224042961362	17.3	16:10
80.8%	404000	-60135.5484058382	63004.4750316618	298.6046073741062	0.9749224042961362	17.3	15:59
81.0%	405000	-61476.5025074007	61718.5131175993	298.7379589855375	0.9749224042961362	17.3	15:49
81.2%	406000	-61423.8726245882	62456.8930004118	300.40084732834123	0.9749224042961362	17.3	15:39
81.4%	407000	-61083.3745777132	61564.4066722868	297.4109598415799	0.9749224042961362	17.3	15:28
81.6%	408000	-63564.8999683382	59792.8578441618	299.13259564098945	0.9749224042961362	17.3	15:18
81.8%	409000	-62969.8023120882	59761.6195629118	297.6137815992136	0.9749224042961362	17.3	15:08
82.0%	410000	-63941.9995777132	58772.1254222868	297.5718380748907	0.9749224042961362	17.3	14:57
82.2%	411000	-65115.0611011507	58739.3295238493	300.3368900843872	0.9749224042961362	17.3	14:47
82.4%	412000	-62846.6245777132	59607.1254222868	296.94044973765773	0.9749224042961362	17.3	14:37
82.6%	413000	-60108.2134449007	63061.0209300993	298.67544153735975	0.9749224042961362	17.3	14:27
82.8%	414000	-65005.4048511507	57996.7279613493	298.2702337497615	0.9749224042961362	17.3	14:16
83.0%	415000	-63753.7075855257	60135.3392894743	300.4209286904832	0.9749224042961362	17.3	14:06
83.2%	416000	-63450.7632495882	59824.6039379118	298.93280503235826	0.9749224042961362	17.4	13:56
83.4%	417000	-61531.7554370882	61864.8226879118	299.22673176220013	0.9749224042961362	17.4	13:46
83.6%	418000	-62129.6001636507	61375.5795238493	299.4900817764787	0.9749224042961362	17.4	13:35
83.8%	419000	-62252.9234058382	60935.0922191618	298.72098455112325	0.9749224042961362	17.4	13:25
84.0%	420000	-64304.1343433382	59066.3656566618	299.16349441613426	0.9749224042961362	17.4	13:15
84.2%	421000	-63966.7964527132	59493.8129222868	299.3820023698562	0.9749224042961362	17.4	13:05
84.4%	422000	-63628.0698902132	59588.4769847868	298.7901705271066	0.9749224042961362	17.4	12:55
84.6%	423000	-63267.0796558382	60000.4281566618	298.91374668300466	0.9749224042961362	17.4	12:45
84.8%	424000	-65911.8394214632	57422.6840160368	299.07625415890436	0.9749224042961362	17.4	12:34
85.0%	425000	-65097.0415699007	58005.5912425993	298.5139381295672	0.9749224042961362	17.4	12:24
85.2%	426000	-64693.6568042757	58223.7963207243	298.06489234951937	0.9749224042961362	17.4	12:14
85.4%	427000	-64289.1812183382	58921.2015941618	298.77522317358773	0.9749224042961362	17.4	12:04
85.6%	428000	-67102.5191089632	56209.0668285368	299.0206325747074	0.9749224042961362	17.4	11:54
85.8%	429000	-66961.1890308382	56542.6078441618	299.4867285678946	0.9749224042961362	17.4	11:44
86.0%	430000	-65325.3706714632	57440.0980785368	297.69634252017073	0.9749224042961362	17.4	11:33
86.2%	431000	-66593.4605152132	56097.5551097868	297.51579970770587	0.9749224042961362	17.4	11:23
86.4%	432000	-67237.2066089632	54811.7621410368	295.9588879119041	0.9749224042961362	17.4	11:13
86.6%	433000	-66543.5777027132	56587.0472972868	298.5818169225432	0.9749224042961362	17.4	11:03
86.8%	434000	-66624.0991870882	57320.3617504118	300.5553033147029	0.9749224042961362	17.5	10:53
87.0%	435000	-66225.8706714632	57045.1137035368	298.92217706616805	0.9749224042961362	17.5	10:43
87.2%	436000	-64423.2808277132	59560.2972972868	300.6501593338017	0.9749224042961362	17.5	10:33
87.4%	437000	-64901.2700855257	58574.0267894743	299.41761837063626	0.9749224042961362	17.5	10:23
87.6%	438000	-64181.5415699007	60108.2318675993	301.3926582266597	0.9749224042961362	17.5	10:13
87.8%	439000	-63853.7095386507	58574.1342113493	296.8776291745797	0.9749224042961362	17.5	10:03
88.0%	440000	-64961.3335620882	58620.6195629118	299.6762511592796	0.9749224042961362	17.5	9:53
88.2%	441000	-65875.9585620882	57822.4633129118	299.958678467593	0.9749224042961362	17.5	9:42
88.4%	442000	-64636.5503589632	58949.5746410368	299.6863676190756	0.9749224042961362	17.5	9:32
88.6%	443000	-64189.7818042757	58066.0385082243	296.4604862377838	0.9749224042961362	17.5	9:22
88.8%	444000	-65728.7183277132	57532.7113597868	298.89900772097974	0.9749224042961362	17.5	9:12
89.0%	445000	-65453.8042652132	58589.9769847868	300.7961470476374	0.9749224042961362	17.5	9:02
89.2%	446000	-65471.6939136507	58517.7904613493	300.66448151283873	0.9749224042961362	17.5	8:52
89.4%	447000	-66418.2105152132	57359.4926097868	300.15092909308026	0.9749224042961362	17.5	8:42
89.6%	448000	-66016.3394214632	57855.9887035368	300.38038707257397	0.9749224042961362	17.5	8:32
89.8%	449000	-65384.8345386507	57957.3998363493	299.0949525593139	0.9749224042961362	17.5	8:22
90.0%	450000	-65657.4282886507	57526.5873363493	298.711284874315	0.9749224042961362	17.5	8:12
90.2%	451000	-65841.6812183382	58068.3656566618	300.47185199372615	0.9749224042961362	17.5	8:02
90.4%	452000	-64856.0444995882	57652.3461254118	297.07294883843207	0.9749224042961362	17.5	7:52
90.6%	453000	-66094.1548511507	56980.0092113493	298.4449037110339	0.9749224042961362	17.5	7:42
90.8%	454000	-67313.1245777132	55309.3832347868	297.3496737976844	0.9749224042961362	17.6	7:32
91.0%	455000	-67219.3277027132	55253.4379222868	296.98656109185913	0.9749224042961362	17.6	7:22
91.2%	456000	-66082.1773120882	55736.0805004118	295.3994325294381	0.9749224042961362	17.6	7:12
91.4%	457000	-67261.2612964632	55834.1762035368	298.49649007812116	0.9749224042961362	17.6	7:02
91.6%	458000	-66945.1861011507	56672.8920238493	299.76385136545355	0.9749224042961362	17.6	6:52
91.8%	459000	-68019.7954761507	54537.4857738493	297.19150465379465	0.9749224042961362	17.6	6:43
92.0%	460000	-65819.6431324007	57662.1693675993	299.4334182348121	0.9749224042961362	17.6	6:33
92.2%	461000	-67455.8423511507	55540.8060863493	298.2569345835127	0.9749224042961362	17.6	6:23
92.4%	462000	-68584.8638355257	54298.1986644743	297.9814978625865	0.9749224042961362	17.6	6:13
92.6%	463000	-68145.9741870882	55945.1117504118	300.910857092703	0.9749224042961362	17.6	6:03
92.8%	464000	-68825.4370777132	54848.6254222868	299.8996089514056	0.9749224042961362	17.6	5:53
93.0%	465000	-67990.0337574007	54722.8256175993	297.56876903652557	0.9749224042961362	17.6	5:43
93.2%	466000	-66003.7388355257	57391.6517894743	299.22385217064766	0.9749224042961362	17.6	5:33
93.4%	467000	-66954.1831714632	55683.8480785368	297.38731687935996	0.9749224042961362	17.6	5:23
93.6%	468000	-66690.5708667757	57029.1947582243	300.01043533681167	0.9749224042961362	17.6	5:13
93.8%	469000	-66068.1704761507	57125.6420238493	298.73504150462253	0.9749224042961362	17.6	5:03
94.0%	470000	-67569.7163745882	55217.1742504118	297.7482888362021	0.9749224042961362	17.6	4:54
94.2%	471000	-65795.9644214632	57510.9730785368	299.0093604893541	0.9749224042961362	17.6	4:44
94.4%	472000	-66207.8950855257	56724.2611644743	298.100546239662	0.9749224042961362	17.6	4:34
94.6%	473000	-66615.1187183382	56276.4906566618	298.0022233438915	0.9749224042961362	17.6	4:24
94.8%	474000	-66115.3482105257	56351.6830394743	296.97265569580986	0.9749224042961362	17.7	4:14
95.0%	475000	-66468.4683277132	57734.5785472868	301.18235331992594	0.9749224042961362	17.7	4:04
95.2%	476000	-65966.4546558382	56207.3578441618	296.26162391853467	0.9749224042961362	17.7	3:54
95.4%	477000	-65646.3775074007	57519.0131175993	298.66612075417686	0.9749224042961362	17.7	3:44
95.6%	478000	-65926.0698902132	57089.4301097868	298.3026480994076	0.9749224042961362	17.7	3:35
95.8%	479000	-65957.9653980257	57615.4564769743	299.65556356733714	0.9749224042961362	17.7	3:25
96.0%	480000	-66292.3120777132	57170.7972972868	299.38806466786133	0.9749224042961362	17.7	3:15
96.2%	481000	-66200.7827808382	57084.8890941618	298.9577930669481	0.9749224042961362	17.7	3:05
96.4%	482000	-64592.6694995882	58643.3617504118	298.837418562184	0.9749224042961362	17.7	2:55
96.6%	483000	-64941.7622730257	58560.8939769743	299.48396264442977	0.9749224042961362	17.7	2:46
96.8%	484000	-64997.2544605257	58275.5580394743	298.9266101215843	0.9749224042961362	17.7	2:36
97.0%	485000	-65353.1900074007	58330.7631175993	299.9235929178884	0.9749224042961362	17.7	2:26
97.2%	486000	-64267.2212574007	59215.9662425993	299.43675249871495	0.9749224042961362	17.7	2:16
97.4%	487000	-64461.7300464632	58936.1762035368	299.22995235801534	0.9749224042961362	17.7	2:06
97.6%	488000	-64805.4761402132	56984.3519847868	295.3304928343112	0.9749224042961362	17.7	1:57
97.8%	489000	-64691.5806324007	59187.0599925993	300.3956943750369	0.9749224042961362	17.7	1:47
98.0%	490000	-65709.2847339632	57996.6996410368	299.9770169190585	0.9749224042961362	17.7	1:37
98.2%	491000	-66214.4585620882	56437.7289379118	297.4216446418139	0.9749224042961362	17.7	1:27
98.4%	492000	-64848.3618824007	58590.5912425993	299.32948771338687	0.9749224042961362	17.7	1:17
98.6%	493000	-65864.7847339632	57481.0433910368	299.10366711269626	0.9749224042961362	17.7	1:08
98.8%	494000	-65923.0894214632	58621.4262035368	302.01038744869993	0.9749224042961362	17.7	0:58
99.0%	495000	-66518.7905933382	56658.6781566618	298.69540923141415	0.9749224042961362	17.7	0:48
99.2%	496000	-66042.7290699007	56981.9896800993	298.3250028233014	0.9749224042961362	17.7	0:38
99.4%	497000	-67129.9019214632	56192.3715160368	299.04654889867925	0.9749224042961362	17.8	0:29
99.6%	498000	-65986.0259449007	57416.2631175993	299.2405803242056	0.9749224042961362	17.8	0:19
99.8%	499000	-65547.0640308382	57271.1547191618	297.82425700807875	0.9749224042961362	17.8	0:09
100.0%	500000	-64928.3316089632	58446.7465160368	299.1745959993561	0.9749224042961362	17.8	0:00
