#"Progress (%)"	"Step"	"Potential Energy (kJ/mole)"	"Total Energy (kJ/mole)"	"Temperature (K)"	"Density (g/mL)"	"Speed (ns/day)"	"Time Remaining"
0.2%	1000	2066578.7569346838	2359178.694434684	269.327544242754	0.9720914934821634	0	--
0.4%	2000	2067415.6905284338	2392196.659278434	298.9490068849387	0.9720914934821634	32.1	44:43
0.6%	3000	2051868.8819346838	2379155.756934684	301.2556019655172	0.9720914934821634	31.5	45:30
0.8%	4000	2042622.7881846838	2369611.038184684	300.98072857153534	0.9720914934821634	31.2	45:43
1.0%	5000	2033653.2295909338	2361364.229590934	301.64599352088777	0.9720914934821634	30.5	46:47
1.2%	6000	2029323.8116221838	2354910.717872184	299.69084288648656	0.9720914934821634	30.3	46:57
1.4%	7000	2023632.6709971838	2349294.045997184	299.7593886480875	0.9720914934821634	29.9	47:28
1.6%	8000	2018362.9952159338	2345229.745215934	300.86889226389604	0.9720914934821634	29.7	47:44
1.8%	9000	2011987.3506846838	2339040.506934684	301.0404724015165	0.9720914934821634	29.5	47:59
2.0%	10000	2004411.2178721838	2329714.655372184	299.42992026647727	0.9720914934821634	29.1	48:25
2.2%	11000	2000508.1670909338	2327017.760840934	300.54014299434624	0.9720914934821634	28.9	48:40
2.4%	12000	1991022.7374034338	2316827.987403434	299.89182032513776	0.9720914934821634	28.7	49:03
2.6%	13000	1982687.3389659338	2309406.713965934	300.73323896481503	0.9720914934821634	28.5	49:15
2.8%	14000	1977957.8858409338	2305519.698340934	301.5086718818265	0.9720914934821634	28.3	49:28
3.0%	15000	1969426.1827159338	2295742.307715934	300.36206208369936	0.9720914934821634	28.1	49:41
3.2%	16000	1958798.2920909338	2285401.729590934	300.626522735046	0.9720914934821634	27.9	49:56
3.4%	17000	1949205.0733409338	2277042.010840934	301.76191438503037	0.9720914934821634	27.7	50:13
3.6%	18000	1933842.4170909338	2260646.323340934	300.8110468897544	0.9720914934821634	27.4	50:39
3.8%	19000	1917578.7842784338	2244899.721778434	301.2869552513523	0.9720914934821634	27.2	50:59
4.0%	20000	1900523.8858409338	2228952.198340934	302.3062534502995	0.9720914934821634	26.9	51:22
4.2%	21000	1885123.8233409338	2214217.948340934	302.9191095126872	0.9720914934821634	26.7	51:44
4.4%	22000	1866430.0186534338	2194826.643653434	302.27708626512816	0.9720914934821634	26.4	52:07
4.6%	23000	1847189.4170909338	2176450.479590934	303.0727693777616	0.9720914934821634	26.1	52:38
4.8%	24000	1826298.4756846838	2154787.663184684	302.36228666204886	0.9720914934821634	25.8	53:08
5.0%	25000	1807086.7842784338	2135174.159278434	301.99243294712437	0.9720914934821634	25.5	53:35
5.2%	26000	1787781.2256846838	2116576.350684684	302.64389094491634	0.9720914934821634	25.2	54:05
5.4%	27000	1768661.5616221838	2096141.3116221838	301.4331363509981	0.9720914934821634	25	54:35
5.6%	28000	1747824.3663096838	2077525.4288096838	303.4777732902003	0.9720914934821634	24.7	55:04
5.8%	29000	1729516.6592784338	2059268.5967784338	303.52460186757594	0.9720914934821634	24.4	55:30
6.0%	30000	1711670.9717784338	2040964.3780284338	303.1025406170637	0.9720914934821634	24.2	55:56
6.2%	31000	1697544.1397471838	2024499.5147471838	300.95046833603215	0.9720914934821634	24	56:21
6.4%	32000	1683586.5459971838	2012998.4209971838	303.2115867699085	0.9720914934821634	23.7	56:45
6.6%	33000	1669352.2686534338	1997082.9874034338	301.6641439092933	0.9720914934821634	23.5	57:13
6.8%	34000	1658538.3350596838	1986898.5850596838	302.2436044075942	0.9720914934821634	23.3	57:42
7.0%	35000	1646700.0499034338	1975712.3311534338	302.8437753332357	0.9720914934821634	23	58:10
7.2%	36000	1635510.6553721838	1964999.0928721838	303.2820597518314	0.9720914934821634	22.8	58:37
7.4%	37000	1627860.6241221838	1955265.9053721838	301.3645905893972	0.9720914934821634	22.6	59:00
7.6%	38000	1613559.7842784338	1942961.8467784338	303.2025547224294	0.9720914934821634	22.4	59:23
7.8%	39000	1603927.1084971838	1933915.1709971838	303.74194629672274	0.9720914934821634	22.2	59:44
8.0%	40000	1597371.7569346838	1927140.5694346838	303.5401346880814	0.9720914934821634	22	1:00:07
8.2%	41000	1584340.7452159338	1913267.6514659338	302.76519076727106	0.9720914934821634	21.8	1:00:32
8.4%	42000	1573443.6045909338	1902079.5420909338	302.49736467148153	0.9720914934821634	21.6	1:00:59
8.6%	43000	1567506.2061534338	1895565.3936534338	301.9664873839838	0.9720914934821634	21.4	1:01:25
8.8%	44000	1563836.8038096838	1892683.1163096838	302.69100716711625	0.9720914934821634	21.2	1:01:48
9.0%	45000	1551586.4756846838	1879994.0381846838	302.28715383397423	0.9720914934821634	21.1	1:02:10
9.2%	46000	1544660.9209971838	1871690.4522471838	301.0187264528089	0.9720914934821634	20.9	1:02:30
9.4%	47000	1531247.4913096838	1856553.7413096838	299.4325090698948	0.9720914934821634	20.7	1:02:52
9.6%	48000	1523217.6827159338	1852354.3077159338	302.95822920877504	0.9720914934821634	20.6	1:03:12
9.8%	49000	1521641.3897471838	1848440.2959971838	300.8064445725676	0.9720914934821634	20.5	1:03:28
10.0%	50000	1516896.2491221838	1843205.2178721838	300.3554750172258	0.9720914934821634	20.3	1:03:43
10.2%	51000	1508047.0967784338	1835425.2217784338	301.33959425417635	0.9720914934821634	20.2	1:03:58
10.4%	52000	1502257.1709971838	1828200.7334971838	300.01913192431766	0.9720914934821634	20.1	1:04:13
10.6%	53000	1495239.7725596838	1821204.1163096838	300.0382603051254	0.9720914934821634	20	1:04:27
10.8%	54000	1488497.4053721838	1815627.0303721838	301.11085908999223	0.9720914934821634	19.9	1:04:41
11.0%	55000	1490065.8663096838	1816776.4600596838	300.7251561452557	0.9720914934821634	19.7	1:04:55
11.2%	56000	1480361.7022471838	1807501.2647471838	301.120006195401	0.9720914934821634	19.6	1:05:07
11.4%	57000	1481853.8272471838	1809261.2022471838	301.36651780971914	0.9720914934821634	19.5	1:05:20
11.6%	58000	1480270.2530284338	1807512.0967784338	301.21415234635356	0.9720914934821634	19.4	1:05:32
11.8%	59000	1480263.3233409338	1806952.6358409338	300.7055675327294	0.9720914934821634	19.3	1:05:43
12.0%	60000	1476416.8038096838	1803262.9288096838	300.8499077055005	0.9720914934821634	19.2	1:05:54
12.2%	61000	1473392.5108409338	1799278.5108409338	299.9661477477046	0.9720914934821634	19.1	1:06:05
12.4%	62000	1473194.9444346838	1798460.0694346838	299.39465501103336	0.9720914934821634	19	1:06:14
12.6%	63000	1465177.5108409338	1792973.6983409338	301.7244054999579	0.9720914934821634	19	1:06:24
12.8%	64000	1465829.2803721838	1791978.7803721838	300.2086898634492	0.9720914934821634	18.9	1:06:33
13.0%	65000	1461467.1436534338	1788150.5186534338	300.7001022810701	0.9720914934821634	18.8	1:06:42
13.2%	66000	1455819.1006846838	1785167.4131846838	303.1530798126713	0.9720914934821634	18.7	1:06:50
13.4%	67000	1455112.8350596838	1780833.1788096838	299.81366722640934	0.9720914934821634	18.6	1:06:58
13.6%	68000	1451028.2256846838	1776523.0381846838	299.6060739568021	0.9720914934821634	18.5	1:07:06
13.8%	69000	1449192.8702159338	1773817.4952159338	298.8050981794039	0.9720914934821634	18.5	1:07:13
14.0%	70000	1449554.7764659338	1775235.9014659338	299.77756780097536	0.9720914934821634	18.4	1:07:20
14.2%	71000	1449257.9600596838	1776904.8975596838	301.58702633193184	0.9720914934821634	18.3	1:07:27
14.4%	72000	1446277.2920909338	1772565.6670909338	300.3365192233126	0.9720914934821634	18.2	1:07:33
14.6%	73000	1448978.1709971838	1774485.8272471838	299.6178961590757	0.9720914934821634	18.2	1:07:39
14.8%	74000	1444776.6670909338	1771617.1358409338	300.84470133418296	0.9720914934821634	18.1	1:07:44
15.0%	75000	1438052.0616221838	1765351.6866221838	301.2673378743436	0.9720914934821634	18	1:07:50
15.2%	76000	1438026.6358409338	1764708.9483409338	300.69912428866786	0.9720914934821634	18	1:07:55
15.4%	77000	1436372.6358409338	1762503.1358409338	300.1912010581393	0.9720914934821634	17.9	1:08:00
15.6%	78000	1435025.4639659338	1760134.1514659338	299.25066001205124	0.9720914934821634	17.9	1:08:04
15.8%	79000	1434542.6280284338	1760227.1280284338	299.78067436507644	0.9720914934821634	17.8	1:08:08
16.0%	80000	1431022.9952159338	1756586.7764659338	299.6695571694976	0.9720914934821634	17.7	1:08:12
16.2%	81000	1431913.4053721838	1758246.6553721838	300.37782502006417	0.9720914934821634	17.7	1:08:16
16.4%	82000	1436162.1827159338	1762595.3077159338	300.4697563058706	0.9720914934821634	17.6	1:08:20
16.6%	83000	1437432.9014659338	1763456.2139659338	300.0925388834472	0.9720914934821634	17.6	1:08:22
16.8%	84000	1437403.8663096838	1764018.4288096838	300.63676289078666	0.9720914934821634	17.5	1:08:26
17.0%	85000	1438076.6905284338	1763031.2530284338	299.108793584768	0.9720914934821634	17.5	1:08:28
17.2%	86000	1441590.2217784338	1767912.6592784338	300.36787250914773	0.9720914934821634	17.4	1:08:30
17.4%	87000	1443078.4834971838	1768453.2959971838	299.49561834431887	0.9720914934821634	17.3	1:08:33
17.6%	88000	1438566.2881846838	1764283.6631846838	299.8109346005797	0.9720914934821634	17.3	1:08:35
17.8%	89000	1441703.6084971838	1769294.2647471838	301.5352214990979	0.9720914934821634	17.3	1:08:36
18.0%	90000	1439593.0967784338	1766697.5655284338	301.08770368164613	0.9720914934821634	17.2	1:08:38
18.2%	91000	1441787.5694346838	1768475.6944346838	300.70447448239753	0.9720914934821634	17.2	1:08:39
18.4%	92000	1443446.6514659338	1767530.9639659338	298.30776027840494	0.9720914934821634	17.1	1:08:40
18.6%	93000	1442097.7334971838	1768464.6709971838	300.40883313211026	0.9720914934821634	17.1	1:08:40
18.8%	94000	1440411.2842784338	1765815.3467784338	299.52254189986166	0.9720914934821634	17	1:08:44
19.0%	95000	1442542.3428721838	1767154.0303721838	298.793189683683	0.9720914934821634	16.9	1:08:51
19.2%	96000	1443301.5303721838	1767617.7178721838	298.52119273794295	0.9720914934821634	16.9	1:08:57
19.4%	97000	1442131.2217784338	1766665.0967784338	298.72156612246334	0.9720914934821634	16.8	1:09:01
19.6%	98000	1440648.4170909338	1765421.6045909338	298.9418445288168	0.9720914934821634	16.7	1:09:20
19.8%	99000	1443626.9249034338	1768676.4874034338	299.1962376113173	0.9720914934821634	16.5	1:09:49
20.0%	100000	1439487.5889659338	1765382.9639659338	299.97477709242986	0.9720914934821634	16.4	1:10:21
20.2%	101000	1446080.0303721838	1771468.5303721838	299.50821718761773	0.9720914934821634	16.2	1:10:52
20.4%	102000	1443985.7959971838	1768920.7334971838	299.09072948980986	0.9720914934821634	16.1	1:11:24
20.6%	103000	1448157.6670909338	1771876.6670909338	297.97150347894416	0.9720914934821634	15.9	1:11:57
20.8%	104000	1442122.5420909338	1766814.1358409338	298.8667404652246	0.9720914934821634	15.7	1:12:31
21.0%	105000	1442944.7452159338	1768726.0889659338	299.8698154960884	0.9720914934821634	15.6	1:13:05
21.2%	106000	1441605.4327159338	1767812.3077159338	300.26150145316774	0.9720914934821634	15.4	1:13:39
21.4%	107000	1444044.6827159338	1768908.9327159338	299.0256642305814	0.9720914934821634	15.2	1:14:13
21.6%	108000	1442706.4092784338	1767224.4405284338	298.70698252987773	0.9720914934821634	15.1	1:14:45
21.8%	109000	1443735.2022471838	1768948.0772471838	299.3465607964312	0.9720914934821634	15	1:15:17
22.0%	110000	1443064.1866221838	1767266.1866221838	298.41608731918933	0.9720914934821634	14.8	1:15:48
22.2%	111000	1442924.5264659338	1767824.9014659338	299.05891597225605	0.9720914934821634	14.7	1:16:23
22.4%	112000	1445634.6006846838	1771038.3506846838	299.52225425503747	0.9720914934821634	14.5	1:17:00
22.6%	113000	1442001.1475596838	1767000.2725596838	299.1498117366954	0.9720914934821634	14.4	1:17:37
22.8%	114000	1445294.7374034338	1771567.4249034338	300.322079453139	0.9720914934821634	14.2	1:18:11
23.0%	115000	1443192.1006846838	1769496.7881846838	300.3515342831345	0.9720914934821634	14.1	1:18:43
23.2%	116000	1445717.4952159338	1768946.0264659338	297.5200449274012	0.9720914934821634	14	1:19:13
23.4%	117000	1447052.2725596838	1773338.0850596838	300.33416053575434	0.9720914934821634	13.7	1:20:15
23.6%	118000	1450297.1866221838	1778489.0303721838	302.08859261184614	0.9720914934821634	13.5	1:21:17
23.8%	119000	1451399.4717784338	1776323.5030284338	299.08069068544614	0.9720914934821634	13.3	1:22:19
24.0%	120000	1454888.2881846838	1781268.2881846838	300.4208566857608	0.9720914934821634	13.1	1:23:21
24.2%	121000	1454210.3702159338	1778706.2452159338	298.6865885118437	0.9720914934821634	12.9	1:24:21
24.4%	122000	1455072.2530284338	1779656.7530284338	298.76816458397974	0.9720914934821634	12.8	1:25:17
24.6%	123000	1456711.0850596838	1782773.2413096838	300.1282931350922	0.9720914934821634	12.6	1:26:13
24.8%	124000	1457247.1475596838	1783458.5850596838	300.2657010676007	0.9720914934821634	12.4	1:27:10
25.0%	125000	1461493.7334971838	1785985.8272471838	298.6831080094712	0.9720914934821634	12.3	1:28:07
25.2%	126000	1461786.1553721838	1786109.5928721838	298.5278660978638	0.9720914934821634	12.1	1:29:03
25.4%	127000	1466041.9874034338	1791259.4874034338	299.350817939829	0.9720914934821634	11.9	1:29:59
25.6%	128000	1469548.3038096838	1796968.5225596838	301.37834001199275	0.9720914934821634	11.8	1:30:54
25.8%	129000	1466920.9991221838	1791487.8741221838	298.7519414158963	0.9720914934821634	11.6	1:31:46
26.0%	130000	1467436.2842784338	1794389.2217784338	300.9482247064036	0.9720914934821634	11.5	1:32:38
26.2%	131000	1464552.7217784338	1792055.1280284338	301.45399060075084	0.9720914934821634	11.4	1:33:29
26.4%	132000	1467721.1241221838	1793245.1866221838	299.6329975123449	0.9720914934821634	11.2	1:34:19
26.6%	133000	1465520.5459971838	1791037.0459971838	299.6260365075999	0.9720914934821634	11.1	1:35:07
26.8%	134000	1466349.3975596838	1791393.9288096838	299.1916065296481	0.9720914934821634	11	1:35:54
27.0%	135000	1465200.0577159338	1791167.5577159338	300.04116551784955	0.9720914934821634	10.9	1:36:40
27.2%	136000	1466334.0889659338	1792587.5264659338	300.3043605319698	0.9720914934821634	10.8	1:37:24
27.4%	137000	1469061.8350596838	1793844.3975596838	298.950473873542	0.9720914934821634	10.7	1:38:07
27.6%	138000	1471764.6553721838	1796169.9366221838	298.6032002773153	0.9720914934821634	10.6	1:38:49
27.8%	139000	1469515.1709971838	1795544.9209971838	300.09846436682517	0.9720914934821634	10.4	1:39:30
28.0%	140000	1472393.6280284338	1798526.8780284338	300.19373233259205	0.9720914934821634	10.4	1:40:10
28.2%	141000	1474275.2842784338	1800192.1592784338	299.99456705633315	0.9720914934821634	10.3	1:40:49
28.4%	142000	1475173.2139659338	1799466.3389659338	298.49996454991884	0.9720914934821634	10.2	1:41:26
28.6%	143000	1475573.3663096838	1799847.5538096838	298.48253327357384	0.9720914934821634	10.1	1:42:03
28.8%	144000	1478351.0655284338	1803538.3780284338	299.3230314498137	0.9720914934821634	9.99	1:42:38
29.0%	145000	1476941.9249034338	1800768.6436534338	298.07065464983737	0.9720914934821634	9.91	1:43:12
29.2%	146000	1474860.0967784338	1800368.1592784338	299.61827009734714	0.9720914934821634	9.82	1:43:46
29.4%	147000	1476838.4952159338	1800938.3702159338	298.3220849906489	0.9720914934821634	9.75	1:44:18
29.6%	148000	1476925.4170909338	1801885.1983409338	299.11359725333176	0.9720914934821634	9.67	1:44:50
29.8%	149000	1476720.3702159338	1802507.6827159338	299.8753095122301	0.9720914934821634	9.6	1:45:20
30.0%	150000	1478873.9249034338	1805092.4874034338	300.27225936959184	0.9720914934821634	9.52	1:45:50
30.2%	151000	1480649.4522471838	1806482.5147471838	299.91742071448937	0.9720914934821634	9.45	1:46:19
30.4%	152000	1481593.0928721838	1807152.3428721838	299.66538631954705	0.9720914934821634	9.39	1:46:47
30.6%	153000	1479214.7842784338	1803459.0342784338	298.45497689941783	0.9720914934821634	9.32	1:47:14
30.8%	154000	1480710.9288096838	1807672.0850596838	300.95578976527935	0.9720914934821634	9.25	1:47:40
31.0%	155000	1484408.1319346838	1809834.4444346838	299.54302221134293	0.9720914934821634	9.19	1:48:05
31.2%	156000	1482905.7920909338	1809073.6045909338	300.2255458501458	0.9720914934821634	9.13	1:48:29
31.4%	157000	1484906.0577159338	1809717.6827159338	298.9772248421903	0.9720914934821634	9.07	1:48:53
31.6%	158000	1486009.6631846838	1811504.4131846838	299.6060164278373	0.9720914934821634	9.01	1:49:16
31.8%	159000	1482421.0889659338	1808520.1202159338	300.1622352243449	0.9720914934821634	8.96	1:49:38
32.0%	160000	1478295.7413096838	1801690.4913096838	297.67304320938	0.9720914934821634	8.9	1:50:00
32.2%	161000	1478003.1670909338	1804678.5108409338	300.69270980908874	0.9720914934821634	8.85	1:50:21
32.4%	162000	1479373.0967784338	1804688.5030284338	299.44093706324315	0.9720914934821634	8.79	1:50:41
32.6%	163000	1481382.6124034338	1805700.9249034338	298.52314872274735	0.9720914934821634	8.74	1:51:00
32.8%	164000	1480706.1944346838	1805566.7569346838	299.02227002165614	0.9720914934821634	8.69	1:51:19
33.0%	165000	1483360.4366221838	1807182.9366221838	298.066771444711	0.9720914934821634	8.64	1:51:37
33.2%	166000	1481327.1397471838	1806054.6084971838	298.8997620910399	0.9720914934821634	8.6	1:51:54
33.4%	167000	1482268.4405284338	1807698.8780284338	299.546819123022	0.9720914934821634	8.55	1:52:11
33.6%	168000	1478309.5967784338	1803476.3780284338	299.3041331848654	0.9720914934821634	8.5	1:52:27
33.8%	169000	1475757.2803721838	1799896.9053721838	298.35867341228396	0.9720914934821634	8.46	1:52:42
34.0%	170000	1476681.5069346838	1800547.0381846838	298.1063801369999	0.9720914934821634	8.41	1:52:57
34.2%	171000	1475795.4327159338	1800194.6514659338	298.5976199677263	0.9720914934821634	8.37	1:53:11
34.4%	172000	1478450.4913096838	1802040.5850596838	297.85284998897185	0.9720914934821634	8.33	1:53:25
34.6%	173000	1476663.6475596838	1802140.6475596838	299.58967820182414	0.9720914934821634	8.29	1:53:38
34.8%	174000	1476580.2881846838	1800937.4444346838	298.5589029743923	0.9720914934821634	8.25	1:53:50
35.0%	175000	1475153.8936534338	1801786.2999034338	300.6531874102471	0.9720914934821634	8.21	1:54:01
35.2%	176000	1475492.8545909338	1801443.5420909338	300.0256902263089	0.9720914934821634	8.17	1:54:12
35.4%	177000	1474686.2569346838	1799110.8819346838	298.6210054919318	0.9720914934821634	8.13	1:54:22
35.6%	178000	1478271.6358409338	1802454.9483409338	298.39888615870365	0.9720914934821634	8.1	1:54:32
35.8%	179000	1476307.6749034338	1802024.4874034338	299.81041683989616	0.9720914934821634	8.06	1:54:41
36.0%	180000	1480142.7608409338	1804906.6358409338	298.9332727130563	0.9720914934821634	8.02	1:54:50
36.2%	181000	1477992.8584971838	1802515.5772471838	298.7112972022403	0.9720914934821634	8.01	1:54:45
36.4%	182000	1478739.5538096838	1803279.1788096838	298.7268587872282	0.9720914934821634	7.99	1:54:34
36.6%	183000	1475974.5538096838	1801257.5538096838	299.4111082949762	0.9720914934821634	7.98	1:54:22
36.8%	184000	1476141.7413096838	1802351.9913096838	300.2646080172688	0.9720914934821634	7.97	1:54:11
37.0%	185000	1475544.0069346838	1800306.0069346838	298.93154684411127	0.9720914934821634	7.96	1:53:59
37.2%	186000	1475782.3819346838	1800527.9131846838	298.91638796187726	0.9720914934821634	7.95	1:53:46
37.4%	187000	1475429.6241221838	1800576.1241221838	299.28546503577644	0.9720914934821634	7.94	1:53:34
37.6%	188000	1476499.3819346838	1801245.2256846838	298.91667560670146	0.9720914934821634	7.93	1:53:21
37.8%	189000	1474499.4678721838	1800497.8428721838	300.06958482647804	0.9720914934821634	7.92	1:53:08
38.0%	190000	1473435.8545909338	1798008.9170909338	298.7576367834149	0.9720914934821634	7.91	1:52:56
38.2%	191000	1471181.6358409338	1795543.2920909338	298.5630450598604	0.9720914934821634	7.89	1:52:43
38.4%	192000	1470369.1319346838	1794439.7256846838	298.2951326706237	0.9720914934821634	7.88	1:52:30
38.6%	193000	1469215.1475596838	1794303.2100596838	299.2316754536557	0.9720914934821634	7.87	1:52:17
38.8%	194000	1472301.8194346838	1796668.6319346838	298.5677911994593	0.9720914934821634	7.86	1:52:04
39.0%	195000	1474732.5694346838	1799413.0069346838	298.85647154500157	0.9720914934821634	7.85	1:51:50
39.2%	196000	1474632.7256846838	1799556.1006846838	299.08008663131534	0.9720914934821634	7.84	1:51:36
39.4%	197000	1476888.2491221838	1802743.1241221838	299.93749832321674	0.9720914934821634	7.83	1:51:23
39.6%	198000	1476659.4952159338	1801836.4014659338	299.3134528771687	0.9720914934821634	7.82	1:51:09
39.8%	199000	1478913.1084971838	1805867.9834971838	300.95000810431344	0.9720914934821634	7.81	1:50:55
40.0%	200000	1478946.2920909338	1803106.9170909338	298.37800314446855	0.9720914934821634	7.81	1:50:41
40.2%	201000	1478327.0342784338	1802923.3467784338	298.7790375583336	0.9720914934821634	7.8	1:50:27
40.4%	202000	1478864.4053721838	1804169.5616221838	299.4315023130102	0.9720914934821634	7.79	1:50:13
40.6%	203000	1478194.6475596838	1802993.5225596838	298.96548893336393	0.9720914934821634	7.78	1:49:58
40.8%	204000	1479203.5811534338	1804126.0811534338	299.0792812258077	0.9720914934821634	7.77	1:49:44
41.0%	205000	1476249.6319346838	1801435.7569346838	299.32193839948184	0.9720914934821634	7.76	1:49:29
41.2%	206000	1479736.2452159338	1805869.8077159338	300.19401997741625	0.9720914934821634	7.75	1:49:14
41.4%	207000	1483578.4717784338	1808718.3155284338	299.2793382010215	0.9720914934821634	7.74	1:48:59
41.6%	208000	1481248.1592784338	1807021.0967784338	299.86207785031803	0.9720914934821634	7.73	1:48:44
41.8%	209000	1481694.9405284338	1807602.1905284338	299.9857075957486	0.9720914934821634	7.72	1:48:29
42.0%	210000	1480280.0733409338	1805745.7295909338	299.5792366947066	0.9720914934821634	7.72	1:48:14
42.2%	211000	1481061.2217784338	1804732.2217784338	297.9273212339508	0.9720914934821634	7.71	1:47:58
42.4%	212000	1476300.4170909338	1802412.2608409338	300.17402866213604	0.9720914934821634	7.7	1:47:43
42.6%	213000	1478942.0733409338	1803019.8545909338	298.3017485015797	0.9720914934821634	7.69	1:47:28
42.8%	214000	1481351.7803721838	1805494.2803721838	298.3613197446664	0.9720914934821634	7.68	1:47:12
43.0%	215000	1480821.0030284338	1805541.9717784338	298.8937790786971	0.9720914934821634	7.68	1:46:56
43.2%	216000	1478424.0889659338	1803225.5577159338	298.9678763854046	0.9720914934821634	7.67	1:46:40
43.4%	217000	1471832.8116221838	1795894.5616221838	298.2869923220995	0.9720914934821634	7.66	1:46:24
43.6%	218000	1475701.9717784338	1800719.8467784338	299.1670704261459	0.9720914934821634	7.65	1:46:08
43.8%	219000	1475786.0538096838	1801078.6788096838	299.4199677555608	0.9720914934821634	7.64	1:45:52
44.0%	220000	1474487.9522471838	1799722.6709971838	299.3666671696411	0.9720914934821634	7.64	1:45:36
44.2%	221000	1473311.5342784338	1797762.3780284338	298.64513889268	0.9720914934821634	7.63	1:45:20
44.4%	222000	1473425.0850596838	1797968.0225596838	298.72990782236445	0.9720914934821634	7.62	1:45:03
44.6%	223000	1474385.9131846838	1798697.3506846838	298.5168205366155	0.9720914934821634	7.61	1:44:47
44.8%	224000	1475741.1631846838	1802922.2569346838	301.1582341925339	0.9720914934821634	7.61	1:44:30
45.0%	225000	1476521.2608409338	1801407.1983409338	299.0456267813792	0.9720914934821634	7.6	1:44:13
45.2%	226000	1478452.3780284338	1802970.7530284338	298.7072989391843	0.9720914934821634	7.59	1:43:57
45.4%	227000	1476391.5264659338	1801485.6202159338	299.23722699876225	0.9720914934821634	7.58	1:43:39
45.6%	228000	1475881.4366221838	1802794.1241221838	300.9111760530498	0.9720914934821634	7.58	1:43:22
45.8%	229000	1476458.2999034338	1803371.2374034338	300.91140616890914	0.9720914934821634	7.57	1:43:06
46.0%	230000	1473669.4952159338	1800202.7764659338	300.56194647201875	0.9720914934821634	7.56	1:42:48
46.2%	231000	1473258.5186534338	1798816.9249034338	299.66460967852174	0.9720914934821634	7.56	1:42:31
46.4%	232000	1477449.7100596838	1802463.1788096838	299.1630146341251	0.9720914934821634	7.55	1:42:14
46.6%	233000	1476211.0850596838	1801454.4913096838	299.37466369575316	0.9720914934821634	7.54	1:41:56
46.8%	234000	1479855.5811534338	1805694.5499034338	299.92285720166626	0.9720914934821634	7.54	1:41:39
47.0%	235000	1477703.7295909338	1803078.6670909338	299.4957334022485	0.9720914934821634	7.53	1:41:21
47.2%	236000	1476149.4756846838	1802242.6006846838	300.15679873716795	0.9720914934821634	7.52	1:41:03
47.4%	237000	1480456.0303721838	1806540.9053721838	300.1492049138097	0.9720914934821634	7.52	1:40:45
47.6%	238000	1481141.2022471838	1805438.7647471838	298.5040491064221	0.9720914934821634	7.51	1:40:27
47.8%	239000	1476209.5889659338	1802259.7764659338	300.1172763383263	0.9720914934821634	7.51	1:40:09
48.0%	240000	1479679.0694346838	1805329.6006846838	299.7494073726886	0.9720914934821634	7.5	1:39:51
48.2%	241000	1475616.8272471838	1802149.6709971838	300.56154376926486	0.9720914934821634	7.49	1:39:33
48.4%	242000	1478654.0967784338	1803781.0655284338	299.2674872342655	0.9720914934821634	7.49	1:39:14
48.6%	243000	1478094.1475596838	1804246.9600596838	300.21173889858545	0.9720914934821634	7.48	1:38:56
48.8%	244000	1479622.5186534338	1805785.7061534338	300.221288706748	0.9720914934821634	7.48	1:38:37
49.0%	245000	1473562.6905284338	1800162.9717784338	300.62361752232187	0.9720914934821634	7.47	1:38:19
49.2%	246000	1477519.2725596838	1802830.3350596838	299.43693880018714	0.9720914934821634	7.46	1:38:00
49.4%	247000	1475809.8858409338	1800902.7295909338	299.2360764194656	0.9720914934821634	7.46	1:37:41
49.6%	248000	1478182.8858409338	1804275.0108409338	300.1558782737306	0.9720914934821634	7.45	1:37:22
49.8%	249000	1478167.1553721838	1802950.4053721838	298.9511066921552	0.9720914934821634	7.45	1:37:03
50.0%	250000	1476030.3780284338	1801834.1592784338	299.89046839446416	0.9720914934821634	7.44	1:36:45
50.2%	251000	1476588.0342784338	1801343.4717784338	298.9255063028036	0.9720914934821634	7.44	1:36:26
50.4%	252000	1474107.9639659338	1799970.2764659338	299.94434427003216	0.9720914934821634	7.43	1:36:07
50.6%	253000	1473678.4014659338	1798025.8389659338	298.5499572203605	0.9720914934821634	7.42	1:35:48
50.8%	254000	1478609.4639659338	1802315.0264659338	297.9591347515046	0.9720914934821634	7.42	1:35:29
51.0%	255000	1477009.0967784338	1802626.5342784338	299.7189457858085	0.9720914934821634	7.41	1:35:10
51.2%	256000	1476575.7178721838	1801135.1553721838	298.7450954690809	0.9720914934821634	7.41	1:34:51
51.4%	257000	1474605.1788096838	1798912.3663096838	298.51290856700666	0.9720914934821634	7.4	1:34:31
51.6%	258000	1481015.5655284338	1804902.6280284338	298.12619886538556	0.9720914934821634	7.4	1:34:12
51.8%	259000	1476926.7178721838	1801853.1241221838	299.08287678610986	0.9720914934821634	7.39	1:33:52
52.0%	260000	1480775.5811534338	1805637.7061534338	299.023708245777	0.9720914934821634	7.39	1:33:33
52.2%	261000	1482075.9170909338	1807850.5420909338	299.8636311323686	0.9720914934821634	7.38	1:33:13
52.4%	262000	1481229.8897471838	1807319.1084971838	300.15320317686576	0.9720914934821634	7.38	1:32:54
52.6%	263000	1483301.0772471838	1809662.2959971838	300.4035692318279	0.9720914934821634	7.37	1:32:34
52.8%	264000	1485783.1749034338	1811153.4561534338	299.4914474943683	0.9720914934821634	7.37	1:32:14
53.0%	265000	1482782.6319346838	1808411.2569346838	299.72924347051395	0.9720914934821634	7.36	1:31:55
53.2%	266000	1483948.1163096838	1808855.5538096838	299.0654167452824	0.9720914934821634	7.36	1:31:35
53.4%	267000	1482432.5459971838	1808014.9834971838	299.68672956550085	0.9720914934821634	7.35	1:31:15
53.6%	268000	1482438.4131846838	1807670.5069346838	299.364250953118	0.9720914934821634	7.35	1:30:55
53.8%	269000	1486669.5303721838	1812619.3428721838	300.0248848208012	0.9720914934821634	7.36	1:30:26
54.0%	270000	1484835.4991221838	1810653.1241221838	299.90321106017507	0.9720914934821634	7.37	1:29:54
54.2%	271000	1486587.4131846838	1810524.5069346838	298.172250801736	0.9720914934821634	7.38	1:29:23
54.4%	272000	1487747.1866221838	1811504.0616221838	298.0063660316342	0.9720914934821634	7.39	1:28:52
54.6%	273000	1484958.9678721838	1811307.4678721838	300.3918620874839	0.9720914934821634	7.4	1:28:21
54.8%	274000	1485471.5616221838	1811314.2803721838	299.92630893955635	0.9720914934821634	7.41	1:27:50
55.0%	275000	1486290.8077159338	1810073.8702159338	298.03047066790003	0.9720914934821634	7.42	1:27:19
55.2%	276000	1485181.0811534338	1811315.1124034338	300.19445144465243	0.9720914934821634	7.43	1:26:48
55.4%	277000	1484045.5225596838	1809582.7725596838	299.6451361239251	0.9720914934821634	7.44	1:26:18
55.6%	278000	1483106.9600596838	1808658.5225596838	299.6583102568723	0.9720914934821634	7.45	1:25:47
55.8%	279000	1488041.9366221838	1812779.9053721838	298.9094269571322	0.9720914934821634	7.46	1:25:17
56.0%	280000	1486205.0850596838	1810864.1475596838	298.83679663902797	0.9720914934821634	7.47	1:24:47
56.2%	281000	1484383.7295909338	1810854.7608409338	300.504647623043	0.9720914934821634	7.48	1:24:17
56.4%	282000	1483755.0459971838	1808259.2959971838	298.6942973931316	0.9720914934821634	7.49	1:23:47
56.6%	283000	1484734.8897471838	1809062.8897471838	298.5320657122968	0.9720914934821634	7.5	1:23:17
56.8%	284000	1486557.3897471838	1811356.5772471838	298.9657765781881	0.9720914934821634	7.51	1:22:47
57.0%	285000	1484125.6475596838	1808076.7413096838	298.1851372898591	0.9720914934821634	7.52	1:22:17
57.2%	286000	1484196.3428721838	1809009.0928721838	298.97826036355735	0.9720914934821634	7.53	1:21:48
57.4%	287000	1483396.9405284338	1808434.4717784338	299.18516328558655	0.9720914934821634	7.54	1:21:18
57.6%	288000	1482780.0225596838	1809087.0538096838	300.35369161931584	0.9720914934821634	7.55	1:20:49
57.8%	289000	1487121.9288096838	1812844.4288096838	299.81565197569614	0.9720914934821634	7.56	1:20:20
58.0%	290000	1486114.3741221838	1811516.0303721838	299.5203270347155	0.9720914934821634	7.57	1:19:51
58.2%	291000	1482669.7881846838	1808590.6006846838	299.9981913811177	0.9720914934821634	7.58	1:19:22
58.4%	292000	1485517.8350596838	1810597.9600596838	299.22436927512166	0.9720914934821634	7.59	1:18:53
58.6%	293000	1486890.4366221838	1812319.4991221838	299.54555348579566	0.9720914934821634	7.6	1:18:24
58.8%	294000	1487992.8116221838	1813211.2803721838	299.351709638784	0.9720914934821634	7.61	1:17:55
59.0%	295000	1489358.9874034338	1813751.6436534338	298.5915794264186	0.9720914934821634	7.62	1:17:27
59.2%	296000	1486837.3545909338	1813556.4170909338	300.73295131999083	0.9720914934821634	7.63	1:16:58
59.4%	297000	1490367.9327159338	1815118.0889659338	298.92064510527507	0.9720914934821634	7.64	1:16:30
59.6%	298000	1488918.2842784338	1815940.4092784338	301.01190927047594	0.9720914934821634	7.65	1:16:01
59.8%	299000	1487848.2764659338	1813225.9014659338	299.4982071477364	0.9720914934821634	7.66	1:15:33
60.0%	300000	1487213.6983409338	1812575.3545909338	299.48350849722107	0.9720914934821634	7.67	1:15:05
60.2%	301000	1487591.5733409338	1813734.7920909338	300.20290820248323	0.9720914934821634	7.68	1:14:37
60.4%	302000	1488935.4913096838	1815907.7413096838	300.9660011565376	0.9720914934821634	7.69	1:14:09
60.6%	303000	1485901.8741221838	1811412.6866221838	299.62080137179987	0.9720914934821634	7.7	1:13:41
60.8%	304000	1488135.8702159338	1812626.6202159338	298.68187113672724	0.9720914934821634	7.71	1:13:13
61.0%	305000	1488686.0538096838	1812693.1788096838	298.23671200683367	0.9720914934821634	7.72	1:12:46
61.2%	306000	1488049.4288096838	1812442.5538096838	298.5920108936549	0.9720914934821634	7.73	1:12:18
61.4%	307000	1491597.6866221838	1816593.0928721838	299.14638876328775	0.9720914934821634	7.74	1:11:50
61.6%	308000	1495648.3077159338	1819867.9639659338	298.4323392517552	0.9720914934821634	7.75	1:11:23
61.8%	309000	1492938.4053721838	1818950.1553721838	300.0818960249527	0.9720914934821634	7.75	1:10:56
62.0%	310000	1494967.8858409338	1820658.2608409338	299.786082087771	0.9720914934821634	7.76	1:10:28
62.2%	311000	1497385.7842784338	1822967.6905284338	299.68624056929974	0.9720914934821634	7.77	1:10:01
62.4%	312000	1496270.1280284338	1823195.5342784338	300.92288319739373	0.9720914934821634	7.78	1:09:34
62.6%	313000	1498385.8389659338	1822345.6202159338	298.1931338159711	0.9720914934821634	7.79	1:09:07
62.8%	314000	1499412.6944346838	1824859.7256846838	299.5620930631857	0.9720914934821634	7.8	1:08:40
63.0%	315000	1501599.5108409338	1827120.4483409338	299.63012106410315	0.9720914934821634	7.81	1:08:14
63.2%	316000	1500974.4678721838	1826326.7803721838	299.4749079169782	0.9720914934821634	7.82	1:07:47
63.4%	317000	1503447.5186534338	1827645.4561534338	298.41234793647504	0.9720914934821634	7.83	1:07:20
63.6%	318000	1502095.3741221838	1827784.9053721838	299.7853054467457	0.9720914934821634	7.83	1:06:54
63.8%	319000	1501421.8506846838	1826803.5381846838	299.5019465304507	0.9720914934821634	7.84	1:06:27
64.0%	320000	1496167.6280284338	1821569.9092784338	299.5209023243639	0.9720914934821634	7.85	1:06:01
64.2%	321000	1497474.2491221838	1821875.6241221838	298.5996047170131	0.9720914934821634	7.86	1:05:35
64.4%	322000	1493336.0733409338	1817881.7295909338	298.7324103323348	0.9720914934821634	7.87	1:05:08
64.6%	323000	1496235.6553721838	1821852.0928721838	299.71802532237115	0.9720914934821634	7.88	1:04:42
64.8%	324000	1496812.1202159338	1820711.5264659338	298.1375608359405	0.9720914934821634	7.89	1:04:16
65.0%	325000	1498433.5108409338	1824345.6983409338	299.9902523839705	0.9720914934821634	7.89	1:03:50
65.2%	326000	1498112.1670909338	1822321.0733409338	298.42244426980363	0.9720914934821634	7.9	1:03:24
65.4%	327000	1500376.5303721838	1826376.4366221838	300.0709942861165	0.9720914934821634	7.91	1:02:59
65.6%	328000	1499836.1788096838	1824787.1163096838	299.1054569048076	0.9720914934821634	7.92	1:02:33
65.8%	329000	1496662.2647471838	1821980.9522471838	299.443957333897	0.9720914934821634	7.92	1:02:08
66.0%	330000	1498272.2295909338	1822901.4795909338	298.80935532280165	0.9720914934821634	7.93	1:01:42
66.2%	331000	1495439.4795909338	1820871.8545909338	299.5486025209319	0.9720914934821634	7.94	1:01:17
66.4%	332000	1499043.6006846838	1825789.9131846838	300.758033948659	0.9720914934821634	7.95	1:00:51
66.6%	333000	1495188.4678721838	1819849.3428721838	298.83846497900817	0.9720914934821634	7.96	1:00:26
66.8%	334000	1496579.9288096838	1821717.3663096838	299.2771233358754	0.9720914934821634	7.97	1:00:00
67.0%	335000	1498447.2959971838	1825474.5459971838	301.0166266455924	0.9720914934821634	7.97	59:35
67.2%	336000	1498698.0342784338	1824038.8780284338	299.464351351931	0.9720914934821634	7.98	59:10
67.4%	337000	1501122.3038096838	1826290.1788096838	299.30513994175	0.9720914934821634	7.99	58:45
67.6%	338000	1500265.6749034338	1825749.2374034338	299.5957187431318	0.9720914934821634	8	58:20
67.8%	339000	1500755.6358409338	1827054.5733409338	300.3462416183697	0.9720914934821634	8.01	57:54
68.0%	340000	1503189.0381846838	1829002.5381846838	299.89941414849596	0.9720914934821634	8.01	57:29
68.2%	341000	1502062.8741221838	1826822.9053721838	298.92973468171897	0.9720914934821634	8.02	57:04
68.4%	342000	1498986.6084971838	1825104.2334971838	300.1793500913833	0.9720914934821634	8.03	56:39
68.6%	343000	1500754.1514659338	1824615.4952159338	298.102525696356	0.9720914934821634	8.04	56:13
68.8%	344000	1499471.7022471838	1824368.7647471838	299.05586693711984	0.9720914934821634	8.05	55:48
69.0%	345000	1506214.7686534338	1830001.0186534338	298.03340464510666	0.9720914934821634	8.06	55:23
69.2%	346000	1506695.5772471838	1832527.3897471838	299.9162701351927	0.9720914934821634	8.07	54:58
69.4%	347000	1505176.2803721838	1831188.5928721838	300.0824137856362	0.9720914934821634	8.08	54:33
69.6%	348000	1504581.2686534338	1828982.3311534338	298.59931707218897	0.9720914934821634	8.08	54:08
69.8%	349000	1506829.6905284338	1832416.1905284338	299.6904689482151	0.9720914934821634	8.09	53:44
70.0%	350000	1507021.1709971838	1832243.6084971838	299.35536272805103	0.9720914934821634	8.1	53:19
70.2%	351000	1506305.1124034338	1832651.9874034338	300.3903663343982	0.9720914934821634	8.11	52:55
70.4%	352000	1510498.0459971838	1834933.2334971838	298.63072788698884	0.9720914934821634	8.12	52:30
70.6%	353000	1507227.4717784338	1832684.2217784338	299.5710388172176	0.9720914934821634	8.13	52:06
70.8%	354000	1511366.6280284338	1836669.3467784338	299.4292586833816	0.9720914934821634	8.13	51:41
71.0%	355000	1515056.6475596838	1840900.3975596838	299.9272581674761	0.9720914934821634	8.14	51:17
71.2%	356000	1511962.4913096838	1838515.9600596838	300.58052832766043	0.9720914934821634	8.15	50:53
71.4%	357000	1514227.2764659338	1838931.0264659338	298.877929848885	0.9720914934821634	8.16	50:28
71.6%	358000	1510771.1709971838	1837549.0147471838	300.7870573114182	0.9720914934821634	8.17	50:04
71.8%	359000	1509469.9053721838	1833473.1553721838	298.2331452110139	0.9720914934821634	8.17	49:40
72.0%	360000	1512416.5030284338	1835621.9717784338	297.49881673937705	0.9720914934821634	8.18	49:16
72.2%	361000	1507626.9092784338	1832554.8467784338	299.0842862457483	0.9720914934821634	8.19	48:52
72.4%	362000	1510817.6788096838	1837611.7725596838	300.8020148422753	0.9720914934821634	8.2	48:28
72.6%	363000	1508481.3038096838	1833689.9913096838	299.3427063557873	0.9720914934821634	8.21	48:04
72.8%	364000	1510210.9834971838	1837067.9522471838	300.85988898089937	0.9720914934821634	8.22	47:40
73.0%	365000	1510716.9209971838	1836576.4834971838	299.9418129955794	0.9720914934821634	8.22	47:16
73.2%	366000	1505520.8663096838	1830098.6163096838	298.7619514557776	0.9720914934821634	8.23	46:52
73.4%	367000	1506098.9756846838	1831649.9756846838	299.6577924961888	0.9720914934821634	8.24	46:28
73.6%	368000	1505124.3116221838	1830478.8741221838	299.4769789597123	0.9720914934821634	8.25	46:05
73.8%	369000	1505118.2725596838	1830126.9288096838	299.1585849038328	0.9720914934821634	8.26	45:41
74.0%	370000	1502564.5420909338	1830255.0420909338	301.62712402042183	0.9720914934821634	8.26	45:17
74.2%	371000	1506404.7452159338	1830112.9327159338	297.96155096802767	0.9720914934821634	8.27	44:54
74.4%	372000	1504433.9717784338	1830890.0967784338	300.4909269649298	0.9720914934821634	8.28	44:31
74.6%	373000	1506946.1084971838	1833202.7334971838	300.3072945091764	0.9720914934821634	8.29	44:07
74.8%	374000	1505099.7764659338	1831208.0889659338	300.17077827562287	0.9720914934821634	8.3	43:44
75.0%	375000	1504463.9561534338	1830729.0499034338	300.3150896839116	0.9720914934821634	8.3	43:21
75.2%	376000	1504631.0069346838	1829467.4131846838	299.0000350767474	0.9720914934821634	8.31	42:58
75.4%	377000	1507461.8780284338	1833028.4405284338	299.6721172084327	0.9720914934821634	8.32	42:34
75.6%	378000	1503781.2881846838	1828937.9131846838	299.2947847280797	0.9720914934821634	8.33	42:11
75.8%	379000	1503319.1124034338	1829109.7686534338	299.87838731184877	0.9720914934821634	8.33	41:48
76.0%	380000	1505648.3389659338	1830544.8077159338	299.05532041195386	0.9720914934821634	8.34	41:25
76.2%	381000	1506874.0577159338	1832049.9327159338	299.3125036492489	0.9720914934821634	8.35	41:02
76.4%	382000	1503685.7022471838	1830394.7334971838	300.72371792113483	0.9720914934821634	8.36	40:39
76.6%	383000	1503670.1163096838	1828200.6163096838	298.71845955836227	0.9720914934821634	8.36	40:17
76.8%	384000	1500840.0616221838	1825429.3428721838	298.77256554978965	0.9720914934821634	8.37	39:54
77.0%	385000	1501564.4600596838	1827243.7725596838	299.77589946099516	0.9720914934821634	8.38	39:31
77.2%	386000	1501651.9952159338	1827717.2764659338	300.13116958333393	0.9720914934821634	8.39	39:08
77.4%	387000	1503099.2139659338	1828084.2764659338	299.1368677196075	0.9720914934821634	8.39	38:45
77.6%	388000	1502127.5889659338	1827229.1514659338	299.2441017100601	0.9720914934821634	8.4	38:23
77.8%	389000	1500066.9874034338	1825104.6436534338	299.1852783435162	0.9720914934821634	8.41	38:00
78.0%	390000	1504116.3819346838	1830392.9756846838	300.3256750134412	0.9720914934821634	8.42	37:38
78.2%	391000	1503236.8467784338	1829454.5967784338	300.27151149304905	0.9720914934821634	8.42	37:15
78.4%	392000	1503358.7217784338	1829261.3467784338	299.98145045235077	0.9720914934821634	8.43	36:53
78.6%	393000	1503144.3272471838	1828848.1084971838	299.7984220507281	0.9720914934821634	8.44	36:30
78.8%	394000	1503798.7920909338	1829160.0420909338	299.48313455894964	0.9720914934821634	8.45	36:08
79.0%	395000	1504252.2452159338	1828593.3389659338	298.54411803042973	0.9720914934821634	8.45	35:46
79.2%	396000	1502882.0928721838	1828852.0928721838	300.04346667644296	0.9720914934821634	8.46	35:23
79.4%	397000	1503602.4014659338	1829286.7764659338	299.7805593071468	0.9720914934821634	8.47	35:01
79.6%	398000	1507451.9483409338	1832992.0733409338	299.64778245630754	0.9720914934821634	8.48	34:39
79.8%	399000	1504813.5928721838	1828659.4991221838	298.0883160420417	0.9720914934821634	8.48	34:17
80.0%	400000	1505474.1905284338	1830938.7530284338	299.57822993782196	0.9720914934821634	8.49	33:55
80.2%	401000	1505679.0030284338	1829530.2842784338	298.09326353301753	0.9720914934821634	8.5	33:32
80.4%	402000	1505414.8428721838	1829672.8428721838	298.4676332716815	0.9720914934821634	8.51	33:10
80.6%	403000	1503668.4834971838	1828733.2334971838	299.2102171497722	0.9720914934821634	8.51	32:48
80.8%	404000	1502240.4327159338	1828623.4639659338	300.4236468405553	0.9720914934821634	8.52	32:27
81.0%	405000	1503939.9991221838	1828825.1553721838	299.0449076693187	0.9720914934821634	8.53	32:05
81.2%	406000	1502846.8545909338	1828348.8858409338	299.6127185522406	0.9720914934821634	8.53	31:43
81.4%	407000	1502123.4444346838	1825308.3194346838	297.47986094546394	0.9720914934821634	8.54	31:21
81.6%	408000	1498978.4834971838	1823134.6084971838	298.37386105900043	0.9720914934821634	8.55	30:59
81.8%	409000	1498541.8038096838	1823087.8975596838	298.73281303508867	0.9720914934821634	8.56	30:38
82.0%	410000	1501941.5030284338	1826307.3780284338	298.5669282649868	0.9720914934821634	8.56	30:16
82.2%	411000	1500005.2334971838	1826324.5772471838	300.36502482538833	0.9720914934821634	8.57	29:54
82.4%	412000	1497569.2452159338	1823289.2764659338	299.81337958158514	0.9720914934821634	8.58	29:33
82.6%	413000	1497582.2647471838	1823768.5459971838	300.2425456592546	0.9720914934821634	8.58	29:11
82.8%	414000	1496469.8311534338	1822650.0811534338	300.236994114148	0.9720914934821634	8.59	28:50
83.0%	415000	1498736.4444346838	1824605.7569346838	299.95078751409363	0.9720914934821634	8.6	28:28
83.2%	416000	1500043.9444346838	1825552.9444346838	299.6191330318197	0.9720914934821634	8.6	28:07
83.4%	417000	1499943.5655284338	1826861.0655284338	300.9156057833421	0.9720914934821634	8.61	27:46
83.6%	418000	1498846.6006846838	1826137.3819346838	301.2591975258194	0.9720914934821634	8.61	27:25
83.8%	419000	1498544.1944346838	1823745.8194346838	299.33620558276095	0.9720914934821634	8.62	27:04
84.0%	420000	1496663.6631846838	1820660.6006846838	298.2273347855656	0.9720914934821634	8.62	26:43
84.2%	421000	1501089.7491221838	1827546.6241221838	300.4916173125079	0.9720914934821634	8.62	26:22
84.4%	422000	1501723.4405284338	1828889.8780284338	301.14474365028	0.9720914934821634	8.63	26:02
84.6%	423000	1500625.6319346838	1825720.7569346838	299.238176226682	0.9720914934821634	8.63	25:42
84.8%	424000	1500013.1905284338	1825459.2217784338	299.5611725997484	0.9720914934821634	8.63	25:21
85.0%	425000	1501065.5616221838	1825413.7491221838	298.5506475679385	0.9720914934821634	8.63	25:01
85.2%	426000	1498649.0655284338	1824400.4405284338	299.8422303574499	0.9720914934821634	8.63	24:40
85.4%	427000	1499198.3077159338	1823530.7452159338	298.53615026880004	0.9720914934821634	8.64	24:20
85.6%	428000	1497259.1163096838	1822222.8038096838	299.11719281363395	0.9720914934821634	8.64	24:00
85.8%	429000	1497836.2569346838	1821771.4131846838	298.17046740382614	0.9720914934821634	8.64	23:39
86.0%	430000	1497947.3584971838	1822598.6084971838	298.8296055184236	0.9720914934821634	8.64	23:19
86.2%	431000	1499058.0733409338	1824161.7608409338	299.2460576948645	0.9720914934821634	8.65	22:59
86.4%	432000	1499092.7803721838	1824472.2178721838	299.4998754877166	0.9720914934821634	8.64	22:39
86.6%	433000	1497711.5147471838	1821849.2647471838	298.3569475433389	0.9720914934821634	8.65	22:18
86.8%	434000	1494586.4913096838	1819767.4288096838	299.31716349540056	0.9720914934821634	8.65	21:58
87.0%	435000	1493129.1045909338	1819323.9170909338	300.2503983629545	0.9720914934821634	8.65	21:38
87.2%	436000	1491604.8624034338	1816693.6124034338	299.2323082722689	0.9720914934821634	8.65	21:18
87.4%	437000	1489087.1397471838	1815012.4522471838	300.00233346658587	0.9720914934821634	8.66	20:57
87.6%	438000	1492158.7452159338	1816993.3702159338	298.9983955012496	0.9720914934821634	8.66	20:37
87.8%	439000	1492811.8780284338	1817629.4405284338	298.98269009384967	0.9720914934821634	8.66	20:16
88.0%	440000	1491577.4952159338	1817699.9327159338	300.1837798216756	0.9720914934821634	8.66	19:56
88.2%	441000	1489235.5499034338	1814126.9249034338	299.0506318013198	0.9720914934821634	8.66	19:37
88.4%	442000	1490232.6202159338	1816797.3077159338	300.59085477684835	0.9720914934821634	8.67	19:16
88.6%	443000	1490256.5850596838	1816877.9288096838	300.64300478347127	0.9720914934821634	8.67	18:56
88.8%	444000	1494472.1827159338	1818741.4327159338	298.47798848535183	0.9720914934821634	8.67	18:35
89.0%	445000	1493719.4444346838	1820176.7881846838	300.4920487797441	0.9720914934821634	8.67	18:15
89.2%	446000	1496526.5499034338	1822057.1436534338	299.6390092891702	0.9720914934821634	8.67	17:56
89.4%	447000	1494009.9756846838	1819121.8506846838	299.2535939892578	0.9720914934821634	8.68	17:35
89.6%	448000	1492648.8858409338	1818034.5108409338	299.5055708552353	0.9720914934821634	8.68	17:14
89.8%	449000	1490334.1983409338	1815052.6045909338	298.89142039113887	0.9720914934821634	8.69	16:54
90.0%	450000	1491106.5420909338	1816440.6358409338	299.4581382237288	0.9720914934821634	8.69	16:33
90.2%	451000	1492774.7608409338	1818782.9170909338	300.0785881094747	0.9720914934821634	8.7	16:13
90.4%	452000	1494655.8350596838	1819482.3975596838	298.9909742647859	0.9720914934821634	8.71	15:52
90.6%	453000	1494516.7178721838	1819256.9053721838	298.9114692353839	0.9720914934821634	8.71	15:32
90.8%	454000	1494714.7100596838	1819094.2413096838	298.57949834380327	0.9720914934821634	8.72	15:11
91.0%	455000	1494665.0850596838	1820437.8038096838	299.8618764989411	0.9720914934821634	8.72	14:51
91.2%	456000	1498575.9678721838	1825110.9053721838	300.56347098958685	0.9720914934821634	8.73	14:30
91.4%	457000	1495529.2842784338	1820492.0342784338	299.1163298791614	0.9720914934821634	8.74	14:10
91.6%	458000	1493960.7999034338	1818098.0811534338	298.35651607610265	0.9720914934821634	8.74	13:50
91.8%	459000	1498411.3584971838	1823135.7647471838	298.89694317176304	0.9720914934821634	8.75	13:29
92.0%	460000	1495024.2803721838	1819144.8428721838	298.3411270780093	0.9720914934821634	8.75	13:09
92.2%	461000	1497222.3663096838	1822368.2725596838	299.2849185106105	0.9720914934821634	8.76	12:49
92.4%	462000	1499217.3780284338	1823821.5655284338	298.78628620790283	0.9720914934821634	8.77	12:29
92.6%	463000	1498243.2022471838	1824175.5147471838	300.0087767106474	0.9720914934821634	8.77	12:08
92.8%	464000	1499435.4405284338	1824818.9717784338	299.5036436349133	0.9720914934821634	8.78	11:48
93.0%	465000	1502035.6514659338	1826938.4639659338	299.06115960188464	0.9720914934821634	8.78	11:28
93.2%	466000	1499474.1905284338	1824995.3780284338	299.63035117996253	0.9720914934821634	8.79	11:08
93.4%	467000	1500201.5225596838	1825267.3663096838	299.2112239066568	0.9720914934821634	8.79	10:48
93.6%	468000	1498838.9991221838	1825246.5928721838	300.4462557237355	0.9720914934821634	8.8	10:28
93.8%	469000	1496867.3897471838	1822076.7647471838	299.34333917440046	0.9720914934821634	8.81	10:08
94.0%	470000	1497624.9874034338	1823373.0499034338	299.83918132231366	0.9720914934821634	8.81	9:48
94.2%	471000	1493896.3506846838	1821066.0381846838	301.1477351564515	0.9720914934821634	8.82	9:28
94.4%	472000	1494772.8233409338	1821441.6045909338	300.6866692677811	0.9720914934821634	8.82	9:08
94.6%	473000	1496990.6827159338	1821297.0577159338	298.5121606904638	0.9720914934821634	8.83	8:48
94.8%	474000	1499484.3858409338	1824815.2920909338	299.4552042465222	0.9720914934821634	8.84	8:28
95.0%	475000	1499190.7374034338	1824948.6436534338	299.8482421342752	0.9720914934821634	8.84	8:08
95.2%	476000	1496327.6827159338	1822771.4327159338	300.4795362298925	0.9720914934821634	8.85	7:48
95.4%	477000	1495321.4756846838	1821423.2256846838	300.16473773431517	0.9720914934821634	8.85	7:28
95.6%	478000	1493039.4874034338	1819466.4874034338	300.4641184673167	0.9720914934821634	8.86	7:09
95.8%	479000	1491622.3545909338	1816249.0108409338	298.806967870761	0.9720914934821634	8.86	6:49
96.0%	480000	1493249.8389659338	1818929.4014659338	299.7761295768545	0.9720914934821634	8.87	6:29
96.2%	481000	1495144.5850596838	1821519.3975596838	300.41608178167945	0.9720914934821634	8.88	6:09
96.4%	482000	1495114.2530284338	1820120.0342784338	299.15593857145035	0.9720914934821634	8.88	5:50
96.6%	483000	1491121.7491221838	1815393.2178721838	298.48003076360345	0.9720914934821634	8.89	5:30
96.8%	484000	1492242.5147471838	1815499.9522471838	297.5466520736374	0.9720914934821634	8.89	5:10
97.0%	485000	1490824.1280284338	1816023.3155284338	299.3339619531324	0.9720914934821634	8.9	4:51
97.2%	486000	1492840.4756846838	1818719.6006846838	299.9598195615728	0.9720914934821634	8.9	4:31
97.4%	487000	1491609.9366221838	1816459.3741221838	299.0120298659155	0.9720914934821634	8.91	4:12
97.6%	488000	1491454.2764659338	1817496.8077159338	300.11022904013396	0.9720914934821634	8.91	3:52
97.8%	489000	1489536.0850596838	1813942.6475596838	298.60437962109444	0.9720914934821634	8.92	3:33
98.0%	490000	1489226.6631846838	1814474.1006846838	299.37837431398503	0.9720914934821634	8.92	3:13
98.2%	491000	1489365.7139659338	1814124.0264659338	298.928152635186	0.9720914934821634	8.93	2:54
98.4%	492000	1490169.1827159338	1816020.3077159338	299.9340465853267	0.9720914934821634	8.94	2:34
98.6%	493000	1492168.7491221838	1817677.6241221838	299.61901797389004	0.9720914934821634	8.94	2:15
98.8%	494000	1492889.1358409338	1818079.0733409338	299.3254476663368	0.9720914934821634	8.95	1:55
99.0%	495000	1492460.8780284338	1817938.3155284338	299.59008090457803	0.9720914934821634	8.95	1:36
99.2%	496000	1496149.7100596838	1821441.8975596838	299.41956505280695	0.9720914934821634	8.96	1:17
99.4%	497000	1492013.4209971838	1817744.8272471838	299.82384985318515	0.9720914934821634	8.96	0:57
99.6%	498000	1493169.6045909338	1818116.2920909338	299.10154493519883	0.9720914934821634	8.97	0:38
99.8%	499000	1491641.2452159338	1817389.1202159338	299.8390087354192	0.9720914934821634	8.97	0:19
100.0%	500000	1490719.2022471838	1815681.5772471838	299.11598470537245	0.9720914934821634	8.98	0:00
