#"Progress (%)"	"Step"	"Potential Energy (kJ/mole)"	"Total Energy (kJ/mole)"	"Temperature (K)"	"Density (g/mL)"	"Speed (ns/day)"	"Time Remaining"
0.2%	1000	-49987.08730338933	6557.4126966106705	255.50843197690992	0.9588974058921507	0	--
0.4%	2000	-38844.83095573308	24997.86435676692	288.48689036911617	0.9588974058921507	52.2	27:27
0.6%	3000	-38030.36171745183	27890.40390754817	297.8770960846967	0.9588974058921507	52.2	27:25
0.8%	4000	-40508.63222526433	26445.27402473567	302.54556324074895	0.9588974058921507	51.8	27:33
1.0%	5000	-40689.66933463933	25869.11191536067	300.76010631417114	0.9588974058921507	51.5	27:42
1.2%	6000	-42684.89199088933	23869.24863411067	300.7391366563416	0.9588974058921507	51.3	27:43
1.4%	7000	-43677.42470573308	22491.23154426692	298.9972429583188	0.9588974058921507	51.6	27:31
1.6%	8000	-44050.21132682683	22526.55429817317	300.84137256387424	0.9588974058921507	51.4	27:34
1.8%	9000	-44389.62636588933	21477.63925911067	297.63534487793453	0.9588974058921507	51.5	27:27
2.0%	10000	-44041.16738151433	22693.01230598567	301.5526817147287	0.9588974058921507	51.3	27:30
2.2%	11000	-43477.03652213933	22074.51035286067	296.2087020964401	0.9588974058921507	51.2	27:30
2.4%	12000	-44435.48574088933	22066.28769661067	300.5025043054469	0.9588974058921507	51	27:32
2.6%	13000	-44453.70839713933	21864.60410286067	299.6734967720946	0.9588974058921507	50.9	27:33
2.8%	14000	-44581.28749870183	21190.02500129817	297.20176013473167	0.9588974058921507	50.9	27:28
3.0%	15000	-43690.03749870183	22093.93125129817	297.2589501106304	0.9588974058921507	50.8	27:28
3.2%	16000	-45047.06337760808	21262.09287239192	299.63212229570365	0.9588974058921507	50.7	27:30
3.4%	17000	-45288.70107292058	21038.61142707942	299.71416519940044	0.9588974058921507	50.5	27:33
3.6%	18000	-45283.30556510808	20716.68662239192	298.2350982733321	0.9588974058921507	50.3	27:36
3.8%	19000	-45566.48671745183	20451.48203254817	298.31632922058094	0.9588974058921507	50	27:42
4.0%	20000	-46694.11415885808	20277.63584114192	302.6261940462753	0.9588974058921507	49.9	27:41
4.2%	21000	-46519.32656120183	19962.14218879817	300.41075322682906	0.9588974058921507	49.8	27:41
4.4%	22000	-45905.61562370183	21254.04062629817	303.4752886761007	0.9588974058921507	49.7	27:42
4.6%	23000	-46859.47060417058	19272.12314582942	298.82976811531654	0.9588974058921507	49.6	27:42
4.8%	24000	-47274.40956901433	18964.09043098567	299.3128468993898	0.9588974058921507	49.5	27:43
5.0%	25000	-47160.76259635808	18856.58896614192	298.31354032669446	0.9588974058921507	49.3	27:45
5.2%	26000	-48353.41640495183	18797.25547004817	303.43469085370344	0.9588974058921507	49.2	27:43
5.4%	27000	-46986.10536979558	19266.25400520442	299.3754734532444	0.9588974058921507	49.2	27:42
5.6%	28000	-48340.38661979558	17473.53525520442	297.3942997202575	0.9588974058921507	49	27:42
5.8%	29000	-48813.31191276433	17039.50058723567	297.57003533755625	0.9588974058921507	48.9	27:43
6.0%	30000	-49767.48085807683	16211.20664192317	298.1388284805692	0.9588974058921507	48.8	27:44
6.2%	31000	-50457.69960807683	15432.44882942317	297.73874576645767	0.9588974058921507	48.7	27:44
6.4%	32000	-49140.23525260808	17155.03818489192	299.5693898344863	0.9588974058921507	48.6	27:42
6.6%	33000	-49739.13710807683	16611.65195442317	299.8202490744472	0.9588974058921507	48.5	27:43
6.8%	34000	-50962.83095573308	15068.80185676692	298.378073213079	0.9588974058921507	48.4	27:42
7.0%	35000	-51383.44863151433	15767.67636848567	303.43673839605043	0.9588974058921507	48.3	27:43
7.2%	36000	-51855.93495963933	14361.15879036067	299.2161181747215	0.9588974058921507	48.2	27:43
7.4%	37000	-49820.67910026433	16087.57089973567	297.8205415529746	0.9588974058921507	48.1	27:43
7.6%	38000	-51552.82265495183	14476.47422004817	298.36751777925576	0.9588974058921507	48	27:42
7.8%	39000	-51478.81874870183	14215.86875129817	296.8555136633643	0.9588974058921507	48	27:40
8.0%	40000	-51125.68056510808	15072.78818489192	299.13195712376927	0.9588974058921507	47.9	27:39
8.2%	41000	-51128.84462760808	15200.65537239192	299.7240498865928	0.9588974058921507	47.8	27:39
8.4%	42000	-52636.50331901433	13414.59043098567	298.46601162663694	0.9588974058921507	47.7	27:38
8.6%	43000	-51914.59511588933	13793.84238411067	296.91764598285926	0.9588974058921507	47.6	27:37
8.8%	44000	-52265.81826042058	13708.13486457942	298.11743519328854	0.9588974058921507	47.6	27:37
9.0%	45000	-52156.98867057683	14215.30039192317	299.91740142856656	0.9588974058921507	47.5	27:34
9.2%	46000	-52943.43056510808	13931.72568489192	302.18971450182323	0.9588974058921507	47.5	27:32
9.4%	47000	-52004.28261588933	13259.99863411067	294.91063085335514	0.9588974058921507	47.4	27:31
9.6%	48000	-52031.14296745183	14274.09922004817	299.6144357661201	0.9588974058921507	47.3	27:30
9.8%	49000	-51412.91445182683	14801.44492317317	299.203762315731	0.9588974058921507	47.3	27:28
10.0%	50000	-51988.18300651433	14193.06699348567	299.0541505145835	0.9588974058921507	47.2	27:27
10.2%	51000	-52099.98769401433	13765.54355598567	297.62750773308915	0.9588974058921507	47.2	27:24
10.4%	52000	-52872.55654167058	13313.28720832942	299.0749083576875	0.9588974058921507	47.1	27:22
10.6%	53000	-52153.54579948308	13654.20420051692	297.3664107813933	0.9588974058921507	47.1	27:20
10.8%	54000	-51662.72451042058	14773.50986457942	300.2063520166724	0.9588974058921507	47	27:19
11.0%	55000	-50345.29628776433	15302.35214973567	296.6429575862739	0.9588974058921507	47	27:17
11.2%	56000	-51936.39931510808	14308.54599739192	299.3419714241531	0.9588974058921507	46.9	27:15
11.4%	57000	-51860.17910026433	13986.27402473567	297.5412991397899	0.9588974058921507	46.9	27:13
11.6%	58000	-53214.42714713933	13481.72129036067	301.3808293673983	0.9588974058921507	46.8	27:11
11.8%	59000	-51996.01015495183	14357.55234504817	299.832781445709	0.9588974058921507	46.8	27:09
12.0%	60000	-51901.04433463933	13549.33066536067	295.75153531379254	0.9588974058921507	46.7	27:07
12.2%	61000	-51770.94374870183	13953.91562629817	296.9918517417106	0.9588974058921507	46.7	27:05
12.4%	62000	-52311.30605338933	13853.45957161067	298.97966233609804	0.9588974058921507	46.6	27:03
12.6%	63000	-51651.03261588933	13642.84629036067	295.0443742013135	0.9588974058921507	46.6	27:00
12.8%	64000	-52971.02870963933	13131.94004036067	298.7004199229134	0.9588974058921507	46.6	26:57
13.0%	65000	-53147.67617057683	13349.94882942317	300.48375870223566	0.9588974058921507	46.5	26:55
13.2%	66000	-52264.63906120183	13601.00156379817	297.62800196744877	0.9588974058921507	46.5	26:54
13.4%	67000	-51946.90956901433	14293.03574348567	299.3193778534276	0.9588974058921507	46.4	26:52
13.6%	68000	-51554.06874870183	14190.79843879817	297.08226132706665	0.9588974058921507	46.3	26:50
13.8%	69000	-52054.87636588933	13468.60019661067	296.0818603782893	0.9588974058921507	46.3	26:48
14.0%	70000	-51359.00087760808	15493.96787239192	302.0894555317292	0.9588974058921507	46.2	26:46
14.2%	71000	-51990.64638542058	14342.11923957942	299.73880631247283	0.9588974058921507	46.2	26:45
14.4%	72000	-51520.32460807683	14561.76914192317	298.6060917651347	0.9588974058921507	46.1	26:44
14.6%	73000	-51644.03652213933	14757.51035286067	300.0496091197646	0.9588974058921507	46	26:43
14.8%	74000	-52202.23427604558	13990.91416145442	299.1079161524192	0.9588974058921507	46	26:41
15.0%	75000	-52896.27187370183	12983.64218879817	297.69249955137906	0.9588974058921507	45.9	26:39
15.2%	76000	-52665.56191276433	13868.08652473567	300.6465383188216	0.9588974058921507	45.8	26:38
15.4%	77000	-52612.75429557683	13527.26132942317	298.86782416100715	0.9588974058921507	45.8	26:36
15.6%	78000	-52531.28456901433	13090.90293098567	296.52790688784546	0.9588974058921507	45.7	26:34
15.8%	79000	-52760.06044792058	13455.89267707942	299.21096401639977	0.9588974058921507	45.7	26:33
16.0%	80000	-53555.35683463933	11974.62363411067	296.1112496714595	0.9588974058921507	45.6	26:30
16.2%	81000	-53618.67812370183	12548.97812629817	298.9927242441737	0.9588974058921507	45.6	26:28
16.4%	82000	-53684.32851432683	12645.24961067317	299.7244029111353	0.9588974058921507	45.6	26:25
16.6%	83000	-52927.37343620183	13067.76718879817	298.2131754492376	0.9588974058921507	45.5	26:22
16.8%	84000	-51199.71718620183	15102.81406379817	299.60218581449243	0.9588974058921507	45.5	26:20
17.0%	85000	-52641.54921745183	13552.62265754817	299.1125407739271	0.9588974058921507	45.5	26:17
17.2%	86000	-54243.18300651433	12482.44980598567	301.5140608297699	0.9588974058921507	45.4	26:15
17.4%	87000	-52543.39980338933	13618.81894661067	298.9681537360098	0.9588974058921507	45.4	26:12
17.6%	88000	-52329.83339713933	14426.82285286067	301.65424687563035	0.9588974058921507	45.3	26:10
17.8%	89000	-51813.52089713933	14934.79941536067	301.61657915693655	0.9588974058921507	45.3	26:07
18.0%	90000	-52521.66738151433	13741.94199348567	299.4263089873766	0.9588974058921507	45.3	26:05
18.2%	91000	-52575.82656120183	13052.57187629817	296.55597233898095	0.9588974058921507	45.2	26:03
18.4%	92000	-50659.25234245183	14969.45859504817	296.5573844371513	0.9588974058921507	45.2	26:01
18.6%	93000	-51940.06093620183	14200.61875129817	298.8708248696191	0.9588974058921507	45.1	25:59
18.8%	94000	-52078.84365104558	14360.96884895442	300.2225205407227	0.9588974058921507	45.1	25:55
19.0%	95000	-53233.30214713933	12684.50254036067	297.8637164545327	0.9588974058921507	45.1	25:52
19.2%	96000	-52561.72890495183	13091.82578254817	296.66964624169333	0.9588974058921507	45	25:50
19.4%	97000	-52723.52968620183	13239.58750129817	298.068470689232	0.9588974058921507	45	25:47
19.6%	98000	-52014.34072135808	14218.69834114192	299.28817048386315	0.9588974058921507	45	25:44
19.8%	99000	-51384.45302604558	14636.24228645442	298.32864977711716	0.9588974058921507	45	25:41
20.0%	100000	-51360.75429557683	15036.11289192317	300.0284629496638	0.9588974058921507	44.9	25:38
20.2%	101000	-50849.63076042058	15745.46298957942	300.92419212156466	0.9588974058921507	44.9	25:35
20.4%	102000	-50436.88710807683	16168.20664192317	300.9693792630155	0.9588974058921507	44.9	25:31
20.6%	103000	-50123.78749870183	16061.69687629817	299.0732844447916	0.9588974058921507	44.9	25:29
20.8%	104000	-49726.22646354558	16976.43759895442	301.4102716142499	0.9588974058921507	44.8	25:26
21.0%	105000	-50520.99355338933	15522.91269661067	298.43353336871917	0.9588974058921507	44.8	25:23
21.2%	106000	-49920.02577995183	15702.77109504817	296.5306604792776	0.9588974058921507	44.8	25:19
21.4%	107000	-50525.98964713933	15221.90879036067	297.0959586793189	0.9588974058921507	44.8	25:16
21.6%	108000	-50887.11367057683	15161.19882942317	298.45344395292096	0.9588974058921507	44.8	25:13
21.8%	109000	-51495.60683463933	14542.72129036067	298.4083274163786	0.9588974058921507	44.7	25:10
22.0%	110000	-51846.20449088933	14082.94394661067	297.9149756181161	0.9588974058921507	44.7	25:06
22.2%	111000	-50730.44374870183	16087.37656379817	301.9306297900202	0.9588974058921507	44.7	25:03
22.4%	112000	-50734.88320182683	15290.53086067317	298.3499724594893	0.9588974058921507	44.7	25:00
22.6%	113000	-52211.55605338933	14590.50644661067	301.85942473978076	0.9588974058921507	44.7	24:56
22.8%	114000	-51267.42714713933	15308.04160286067	300.83551235646735	0.9588974058921507	44.7	24:53
23.0%	115000	-51356.89199088933	15517.35800911067	302.1856194171293	0.9588974058921507	44.6	24:50
23.2%	116000	-49958.99550651433	15665.19980598567	296.5369796185899	0.9588974058921507	44.6	24:47
23.4%	117000	-51367.01113151433	14618.98886848567	298.17187157775516	0.9588974058921507	44.6	24:43
23.6%	118000	-50971.04628776433	15270.53183723567	299.32675606636764	0.9588974058921507	44.6	24:39
23.8%	119000	-49235.24648307683	15876.66367317317	294.22210943672457	0.9588974058921507	44.6	24:36
24.0%	120000	-49829.84706901433	16163.63730598567	298.2056913289348	0.9588974058921507	44.6	24:33
24.2%	121000	-48784.38417838933	17191.35019661067	298.1254841528595	0.9588974058921507	44.6	24:29
24.4%	122000	-48169.24550651433	17406.56699348567	296.318351519367	0.9588974058921507	44.5	24:26
24.6%	123000	-48466.36269401433	17216.55918098567	296.802348167251	0.9588974058921507	44.5	24:22
24.8%	124000	-46491.97402213933	19647.35410286067	298.8647175450324	0.9588974058921507	44.5	24:19
25.0%	125000	-48214.10976432683	17923.06211067317	298.8549740676571	0.9588974058921507	44.5	24:15
25.2%	126000	-47711.72548698308	18115.14170051692	297.4527958869638	0.9588974058921507	44.5	24:12
25.4%	127000	-47007.55702995183	18611.18515754817	296.51233850551745	0.9588974058921507	44.5	24:08
25.6%	128000	-47769.12636588933	17995.18613411067	297.1701291357161	0.9588974058921507	44.5	24:05
25.8%	129000	-47569.87734245183	18565.63828254817	298.8474899473543	0.9588974058921507	44.5	24:01
26.0%	130000	-47296.01894401433	17844.80136848567	294.35274616870817	0.9588974058921507	44.5	23:57
26.2%	131000	-47059.10585807683	18548.32382942317	296.4612205517512	0.9588974058921507	44.5	23:54
26.4%	132000	-47145.76894401433	18889.85605598567	298.3961127672051	0.9588974058921507	44.5	23:50
26.6%	133000	-47933.52480338933	18339.24082161067	299.46768346376757	0.9588974058921507	44.4	23:47
26.8%	134000	-46646.42421745183	19823.70078254817	300.35949406324573	0.9588974058921507	44.4	23:43
27.0%	135000	-47024.16640495183	19534.45859504817	300.75940026508596	0.9588974058921507	44.4	23:39
27.2%	136000	-47126.30312370183	18847.41562629817	298.1163761196608	0.9588974058921507	44.4	23:36
27.4%	137000	-47144.39492057683	19164.63632942317	299.6315574564355	0.9588974058921507	44.4	23:32
27.6%	138000	-46818.49648307683	19840.81601692317	301.21437829556953	0.9588974058921507	44.4	23:29
27.8%	139000	-47259.95302604558	19280.31259895442	300.6764394975785	0.9588974058921507	44.4	23:25
28.0%	140000	-46678.03261588933	19871.37363411067	300.717743369061	0.9588974058921507	44.4	23:22
28.2%	141000	-46292.11660026433	20120.02402473567	300.09747924773916	0.9588974058921507	44.4	23:18
28.4%	142000	-47401.69277213933	18790.66660286067	299.1043506045391	0.9588974058921507	44.3	23:15
28.6%	143000	-45583.64345573308	20217.10654426692	297.33477978237767	0.9588974058921507	44.3	23:11
28.8%	144000	-46177.30214713933	20158.14316536067	299.7509150542835	0.9588974058921507	44.3	23:07
29.0%	145000	-46505.82802604558	19634.57822395442	298.8695892837201	0.9588974058921507	44.3	23:03
29.2%	146000	-46162.58242057683	20400.74570442317	300.78065234254956	0.9588974058921507	44.3	23:00
29.4%	147000	-46355.44179557683	19912.50351692317	299.4459018494901	0.9588974058921507	44.3	22:56
29.6%	148000	-46853.03945182683	20073.30429817317	302.42101618212496	0.9588974058921507	44.3	22:53
29.8%	149000	-47823.86855338933	18309.20175911067	298.83644027917137	0.9588974058921507	44.3	22:49
30.0%	150000	-47025.05117057683	18379.98789192317	295.5466751717305	0.9588974058921507	44.3	22:46
30.2%	151000	-45505.01210807683	19880.25351692317	295.45732466000226	0.9588974058921507	44.3	22:42
30.4%	152000	-45152.68202995183	20881.06797004817	298.38764017818306	0.9588974058921507	44.2	22:39
30.6%	153000	-46098.32070182683	19960.58554817317	298.5013140808955	0.9588974058921507	44.2	22:36
30.8%	154000	-46051.90859245183	20210.02890754817	299.4187542621653	0.9588974058921507	44.2	22:32
31.0%	155000	-46326.28652213933	19150.26035286067	295.8697985355586	0.9588974058921507	44.2	22:29
31.2%	156000	-46489.78603385808	19315.13584114192	297.3536312929517	0.9588974058921507	44.1	22:28
31.4%	157000	-45749.07363151433	20823.59043098567	300.8228387753885	0.9588974058921507	44	22:28
31.6%	158000	-45872.25917838933	20645.52207161067	300.5748390342226	0.9588974058921507	44	22:24
31.8%	159000	-46004.99648307683	20915.09726692317	302.3927742187181	0.9588974058921507	43.9	22:20
32.0%	160000	-44761.44472526433	21508.16464973567	299.4534212722471	0.9588974058921507	43.9	22:17
32.2%	161000	-44391.95253776433	21266.73496223567	296.69283995414116	0.9588974058921507	43.9	22:13
32.4%	162000	-44544.14687370183	20794.19687629817	295.2452981197257	0.9588974058921507	43.9	22:09
32.6%	163000	-42834.16494010808	23188.53818489192	298.33772250786154	0.9588974058921507	43.9	22:05
32.8%	164000	-43943.76894401433	22590.49668098567	300.649327212708	0.9588974058921507	43.9	22:01
33.0%	165000	-44209.29042838933	22021.18613411067	299.2765912788663	0.9588974058921507	43.9	21:58
33.2%	166000	-45135.32167838933	21351.86582161067	300.43659462334625	0.9588974058921507	43.9	21:54
33.4%	167000	-43995.82753776433	21396.21933723567	295.4879671902986	0.9588974058921507	43.9	21:50
33.6%	168000	-45804.11855338933	19807.27988411067	296.47915419851444	0.9588974058921507	43.9	21:46
33.8%	169000	-45489.09218620183	20371.73593879817	297.60625565562555	0.9588974058921507	43.9	21:42
34.0%	170000	-44627.13906120183	20476.90000129817	294.18654221405916	0.9588974058921507	43.9	21:38
34.2%	171000	-45668.61367057683	20010.82382942317	296.7866032726517	0.9588974058921507	43.9	21:35
34.4%	172000	-44996.82900260808	20359.85068489192	295.3281529798704	0.9588974058921507	43.9	21:31
34.6%	173000	-46083.09999870183	20039.20468879817	298.7877934972032	0.9588974058921507	43.9	21:27
34.8%	174000	-45479.45595573308	20345.51279426692	297.444217390579	0.9588974058921507	43.9	21:23
35.0%	175000	-44042.21132682683	21924.67148567317	298.08548647218464	0.9588974058921507	43.9	21:19
35.2%	176000	-44543.98281120183	21693.72812629817	299.3092813515097	0.9588974058921507	43.9	21:15
35.4%	177000	-45089.81093620183	21231.42343879817	299.6866998899873	0.9588974058921507	43.9	21:12
35.6%	178000	-45506.19130729558	20662.65244270442	298.99809021722103	0.9588974058921507	43.9	21:08
35.8%	179000	-45345.95693229558	21111.51181770442	300.302304087347	0.9588974058921507	43.9	21:04
36.0%	180000	-44653.08046745183	21617.59922004817	299.4582577084806	0.9588974058921507	43.9	21:00
36.2%	181000	-45571.50136588933	20787.93613411067	299.85932889131135	0.9588974058921507	43.9	20:56
36.4%	182000	-45455.15761588933	20560.29550911067	298.3049618303097	0.9588974058921507	43.9	20:53
36.6%	183000	-43404.70595573308	22755.24716926692	298.9579160242748	0.9588974058921507	43.8	20:49
36.8%	184000	-62598.98232292058	3061.2051770794205	296.69961802535875	0.9588974058921507	43.8	20:45
37.0%	185000	-62882.17226432683	3938.6089856731705	301.9440094201841	0.9588974058921507	43.8	20:41
37.2%	186000	-63063.37734245183	3610.9039075481705	301.2820177979288	0.9588974058921507	43.8	20:37
37.4%	187000	-62530.66249870183	4468.5875012981705	302.75045868526524	0.9588974058921507	43.8	20:33
37.6%	188000	-60824.27285026433	5459.2115247356705	299.5161184310102	0.9588974058921507	43.8	20:30
37.8%	189000	-62193.16445182683	3023.4488294231705	294.69523292869695	0.9588974058921507	43.8	20:26
38.0%	190000	-62069.59023307683	4610.5347669231705	301.3084240337142	0.9588974058921507	43.8	20:22
38.2%	191000	-60848.56337760808	5331.7803723919205	299.05005542988954	0.9588974058921507	43.8	20:19
38.4%	192000	-61505.23378776433	4980.9771497356705	300.432181816564	0.9588974058921507	43.8	20:15
38.6%	193000	-61253.91152213933	5098.9009778606705	299.8293924101001	0.9588974058921507	43.8	20:11
38.8%	194000	-61732.78163932683	4066.1871106731705	297.3267308228067	0.9588974058921507	43.8	20:07
39.0%	195000	-61013.10878776433	5649.0318372356705	301.2271577840111	0.9588974058921507	43.8	20:04
39.2%	196000	-59692.68886588933	7407.2955091106705	303.2056485304743	0.9588974058921507	43.8	20:00
39.4%	197000	-60293.10927604558	5860.7188489544205	298.9302389001362	0.9588974058921507	43.7	19:56
39.6%	198000	-59917.14980338933	6408.9205091106705	299.7085521091733	0.9588974058921507	43.7	19:52
39.8%	199000	-59902.59413932683	5850.4214856731705	297.11908178685826	0.9588974058921507	43.7	19:49
40.0%	200000	-60224.82216667058	6206.1934583294205	300.1827699772277	0.9588974058921507	43.7	19:45
40.2%	201000	-59420.41249870183	6871.4937512981705	299.5541744767009	0.9588974058921507	43.7	19:41
40.4%	202000	-58728.59706901433	7070.6998059856705	297.3282135258856	0.9588974058921507	43.7	19:37
40.6%	203000	-58531.35927604558	7549.2657239544205	298.59945490373406	0.9588974058921507	43.7	19:34
40.8%	204000	-58722.80507682683	6838.4605481731705	296.2526183495377	0.9588974058921507	43.7	19:30
41.0%	205000	-59045.92275260808	7188.2022473919205	299.29307752500506	0.9588974058921507	43.7	19:26
41.2%	206000	-57597.64687370183	8575.68906379817	299.01838912841964	0.9588974058921507	43.7	19:22
41.4%	207000	-58134.58925651433	8487.66074348567	301.04690345256716	0.9588974058921507	43.7	19:18
41.6%	208000	-57196.79921745183	8927.35703254817	298.79616017886246	0.9588974058921507	43.7	19:15
41.8%	209000	-57719.96327995183	7921.2242200481705	296.6137624566021	0.9588974058921507	43.7	19:11
42.0%	210000	-57874.97206901433	7722.5279309856705	296.4163511323886	0.9588974058921507	43.7	19:07
42.2%	211000	-56482.40517448308	9792.46201301692	299.4771798239631	0.9588974058921507	43.7	19:03
42.4%	212000	-56638.26210807683	9737.65976692317	299.93381706979676	0.9588974058921507	43.7	19:00
42.6%	213000	-56809.60195182683	9437.11679817317	299.3499850812698	0.9588974058921507	43.6	18:56
42.8%	214000	-56495.68251823308	9166.50498176692	296.70865545364893	0.9588974058921507	43.6	18:52
43.0%	215000	-56675.28652213933	9294.40879036067	298.0981953557177	0.9588974058921507	43.6	18:49
43.2%	216000	-56695.14101432683	9363.99961067317	298.50237315452324	0.9588974058921507	43.6	18:45
43.4%	217000	-56099.22792838933	9619.67832161067	296.9649512715656	0.9588974058921507	43.6	18:41
43.6%	218000	-56443.56972526433	10506.88339973567	302.5299595559667	0.9588974058921507	43.6	18:37
43.8%	219000	-57497.49160026433	8375.59433723567	297.6616452063571	0.9588974058921507	43.6	18:33
44.0%	220000	-57883.76406120183	8565.18906379817	300.2638244122052	0.9588974058921507	43.6	18:29
44.2%	221000	-55895.38417838933	10002.92832161067	297.7756368311578	0.9588974058921507	43.6	18:25
44.4%	222000	-56315.48476432683	9246.51523567317	296.25593678023796	0.9588974058921507	43.6	18:21
44.6%	223000	-55633.64980338933	10146.12363411067	297.2399926926936	0.9588974058921507	43.6	18:17
44.8%	224000	-56938.33827995183	9745.05234504817	301.3231804595942	0.9588974058921507	43.6	18:13
45.0%	225000	-56228.09120963933	10619.73691536067	302.0662265168271	0.9588974058921507	43.6	18:09
45.2%	226000	-55486.91152213933	10511.93222786067	298.2299088125561	0.9588974058921507	43.6	18:05
45.4%	227000	-56739.91933463933	9690.90097786067	300.1818874158712	0.9588974058921507	43.6	18:02
45.6%	228000	-56410.65566276433	9613.03183723567	298.3421706170982	0.9588974058921507	43.6	17:58
45.8%	229000	-55855.92617057683	9957.94882942317	297.39408790553193	0.9588974058921507	43.6	17:54
46.0%	230000	-54502.77870963933	11323.83066536067	297.45163090597333	0.9588974058921507	43.6	17:50
46.2%	231000	-57526.19081901433	8539.35605598567	298.5313211670152	0.9588974058921507	43.6	17:46
46.4%	232000	-55472.77870963933	10275.61191536067	297.0981827339372	0.9588974058921507	43.6	17:42
46.6%	233000	-56532.85878776433	9973.29746223567	300.52230898228595	0.9588974058921507	43.6	17:38
46.8%	234000	-56027.94863151433	10157.53574348567	299.0732844447916	0.9588974058921507	43.6	17:34
47.0%	235000	-56036.15370963933	9666.97129036067	296.8936403139635	0.9588974058921507	43.6	17:30
47.2%	236000	-55034.23915885808	10941.37021614192	298.12491931359136	0.9588974058921507	43.6	17:26
47.4%	237000	-54444.50429557683	11401.68320442317	297.5400988563451	0.9588974058921507	43.6	17:22
47.6%	238000	-55977.44326042058	10111.61923957942	298.6375815543333	0.9588974058921507	43.6	17:18
47.8%	239000	-55860.33827995183	9912.53672004817	297.20882062558337	0.9588974058921507	43.6	17:15
48.0%	240000	-54064.32167838933	12265.81894661067	299.726944687842	0.9588974058921507	43.6	17:11
48.2%	241000	-54631.81679557683	10568.79257942317	294.62291585114843	0.9588974058921507	43.6	17:07
48.4%	242000	-54832.76454948308	10897.75888801692	297.017446021048	0.9588974058921507	43.6	17:03
48.6%	243000	-55029.87245963933	10913.86972786067	297.98092060267095	0.9588974058921507	43.6	16:59
48.8%	244000	-54717.71523307683	11178.91757942317	297.7680468034922	0.9588974058921507	43.6	16:55
49.0%	245000	-53226.88906120183	12608.07187629817	297.48936922957563	0.9588974058921507	43.6	16:51
49.2%	246000	-54115.51015495183	12400.44297004817	300.5665782599261	0.9588974058921507	43.5	16:47
49.4%	247000	-53450.09218620183	12301.99375129817	297.1148807948015	0.9588974058921507	43.5	16:44
49.6%	248000	-53659.44570182683	12954.94492317317	301.01138918358316	0.9588974058921507	43.5	16:40
49.8%	249000	-52037.08242057683	15274.80820442317	304.16319229978177	0.9588974058921507	43.5	16:36
50.0%	250000	-52874.71718620183	13186.23593879817	298.5105633239112	0.9588974058921507	43.5	16:32
50.2%	251000	-53918.86855338933	12261.33457161067	299.04941998571286	0.9588974058921507	43.5	16:28
50.4%	252000	-53523.70644401433	12330.60605598567	297.57681340877394	0.9588974058921507	43.5	16:24
50.6%	253000	-52899.87734245183	13486.91172004817	299.98292278367035	0.9588974058921507	43.5	16:20
50.8%	254000	-52807.37831901433	12912.49668098567	296.9693287758937	0.9588974058921507	43.5	16:16
51.0%	255000	-53209.78456901433	13538.18418098567	301.61499054649494	0.9588974058921507	43.5	16:13
51.2%	256000	-53405.13124870183	12647.39218879817	298.47247197576627	0.9588974058921507	43.5	16:09
51.4%	257000	-52607.64882682683	13903.21836067317	300.5435963622038	0.9588974058921507	43.5	16:05
51.6%	258000	-52416.30507682683	13254.06992317317	296.74565242571185	0.9588974058921507	43.5	16:01
51.8%	259000	-52151.70351432683	14218.54648567317	299.90818748800507	0.9588974058921507	43.5	15:57
52.0%	260000	-52910.09365104558	13119.56259895442	298.36914169215163	0.9588974058921507	43.5	15:53
52.2%	261000	-52073.64296745183	14728.20078254817	301.8584362710615	0.9588974058921507	43.5	15:49
52.4%	262000	-52203.01503776433	13793.58652473567	298.21977700818394	0.9588974058921507	43.5	15:45
52.6%	263000	-52585.33193229558	13226.63681770442	297.38547410669287	0.9588974058921507	43.5	15:41
52.8%	264000	-52237.12490104558	13825.64072395442	298.51875349329913	0.9588974058921507	43.5	15:37
53.0%	265000	-52501.59853385808	14354.27646614192	302.1025880447133	0.9588974058921507	43.5	15:34
53.2%	266000	-51940.71327995183	13854.72422004817	297.3107741134819	0.9588974058921507	43.5	15:30
53.4%	267000	-52005.34804557683	14653.04257942317	301.210212605967	0.9588974058921507	43.5	15:26
53.6%	268000	-51224.87538932683	15503.85117317317	301.5280406016563	0.9588974058921507	43.5	15:22
53.8%	269000	-52420.49257682683	13751.97617317317	299.014470555997	0.9588974058921507	43.5	15:18
54.0%	270000	-51970.09902213933	13952.45566536067	297.8851803467219	0.9588974058921507	43.5	15:14
54.2%	271000	-51975.09853385808	14399.00302864192	299.92559159795456	0.9588974058921507	43.5	15:10
54.4%	272000	-51010.29824088933	14613.67832161067	296.53599114987065	0.9588974058921507	43.5	15:06
54.6%	273000	-50962.37929557683	14529.86289192317	295.9407211661639	0.9588974058921507	43.5	15:02
54.8%	274000	-51334.97597526433	14545.14121223567	297.69341741518974	0.9588974058921507	43.5	14:58
55.0%	275000	-50844.54433463933	15408.25254036067	299.37745039068284	0.9588974058921507	43.4	14:54
55.2%	276000	-50365.62734245183	15826.27890754817	299.1023030621921	0.9588974058921507	43.4	14:50
55.4%	277000	-51816.28261588933	14126.64707161067	297.9772491474281	0.9588974058921507	43.4	14:47
55.6%	278000	-50388.34413932683	15745.32773567317	298.8391585681493	0.9588974058921507	43.4	14:43
55.8%	279000	-50072.11464713933	15855.80722786067	297.9094331327975	0.9588974058921507	43.4	14:39
56.0%	280000	-50096.58144401433	15952.15293098567	298.4553502854509	0.9588974058921507	43.4	14:35
56.2%	281000	-49820.85878776433	15629.87168098567	295.75314157546137	0.9588974058921507	43.4	14:31
56.4%	282000	-49489.90956901433	17389.10605598567	302.207153914227	0.9588974058921507	43.4	14:27
56.6%	283000	-48888.90419792058	17538.42392707942	300.16610721881773	0.9588974058921507	43.4	14:23
56.8%	284000	-49880.23671745183	16557.20078254817	300.21178859462816	0.9588974058921507	43.4	14:19
57.0%	285000	-48640.48622917058	17584.09189582942	299.2499379259012	0.9588974058921507	43.4	14:15
57.2%	286000	-48893.47792838933	17198.37363411067	298.65018453050357	0.9588974058921507	43.4	14:11
57.4%	287000	-48453.80458854558	17535.10166145442	298.1850040907393	0.9588974058921507	43.4	14:07
57.6%	288000	-49033.84169792058	16719.32236457942	297.11975253348913	0.9588974058921507	43.4	14:03
57.8%	289000	-47721.52577995183	18248.91953254817	298.1015843913265	0.9588974058921507	43.4	13:59
58.0%	290000	-47842.04335807683	18343.87851692317	299.0752613822301	0.9588974058921507	43.4	13:55
58.2%	291000	-48213.57509635808	17884.82334114192	298.67976798717217	0.9588974058921507	43.4	13:51
58.4%	292000	-47712.77675651433	19237.92636848567	302.53108923450293	0.9588974058921507	43.4	13:47
58.6%	293000	-49020.68202995183	17563.42734504817	300.8745568708772	0.9588974058921507	43.4	13:43
58.8%	294000	-47634.42910026433	18069.75839973567	296.89844144774264	0.9588974058921507	43.4	13:40
59.0%	295000	-48831.21913932683	17178.89804817317	298.28085025405113	0.9588974058921507	43.4	13:36
59.2%	296000	-47566.70351432683	18176.24179817317	297.073576923319	0.9588974058921507	43.4	13:32
59.4%	297000	-47476.13954948308	18055.20029426692	296.11739229850053	0.9588974058921507	43.4	13:28
59.6%	298000	-47483.60292838933	18061.58457161067	296.1799658986737	0.9588974058921507	43.4	13:24
59.8%	299000	-47322.79726432683	18387.40586067317	296.9256243375217	0.9588974058921507	43.4	13:20
60.0%	300000	-47493.45790885808	19246.97177864192	301.5809236781355	0.9588974058921507	43.4	13:16
60.2%	301000	-46212.53945182683	19870.27304817317	298.6093395909264	0.9588974058921507	43.4	13:12
60.4%	302000	-46349.15663932683	20154.06211067317	300.50903525948473	0.9588974058921507	43.4	13:08
60.6%	303000	-46487.10585807683	19843.61289192317	299.7295570694571	0.9588974058921507	43.4	13:04
60.8%	304000	-45266.90126823308	21873.72373176692	303.389291897527	0.9588974058921507	43.4	13:00
61.0%	305000	-45656.61952995183	20802.67734504817	300.31056486164346	0.9588974058921507	43.4	12:56
61.2%	306000	-44983.94423698308	21484.22763801692	300.3506684496811	0.9588974058921507	43.4	12:52
61.4%	307000	-45025.16835807683	20727.87851692317	297.11922299667526	0.9588974058921507	43.4	12:48
61.6%	308000	-44590.86660026433	21973.32089973567	300.7845356125181	0.9588974058921507	43.4	12:45
61.8%	309000	-46189.28701042058	20016.41611457942	299.1646471964126	0.9588974058921507	43.4	12:41
62.0%	310000	-45858.60781120183	20201.01718879817	298.50456190668723	0.9588974058921507	43.4	12:37
62.2%	311000	-44974.04677604558	21603.50009895442	300.8449028093001	0.9588974058921507	43.4	12:33
62.4%	312000	-45908.61074088933	20197.06894661067	298.7126698745411	0.9588974058921507	43.4	12:29
62.6%	313000	-46694.06874870183	19118.38437629817	297.3876628588569	0.9588974058921507	43.3	12:25
62.8%	314000	-45197.02382682683	20595.05429817317	297.29559405815075	0.9588974058921507	43.3	12:21
63.0%	315000	-45881.12099479558	20067.94150520442	298.004961574021	0.9588974058921507	43.4	12:17
63.2%	316000	-45555.72597526433	21058.43027473567	301.01033010995536	0.9588974058921507	43.4	12:13
63.4%	317000	-45108.64003776433	21099.96933723567	299.1777797093968	0.9588974058921507	43.4	12:09
63.6%	318000	-45661.94863151433	21256.69199348567	302.3862079622261	0.9588974058921507	43.3	12:05
63.8%	319000	-46590.39785026433	19572.39902473567	298.970766117625	0.9588974058921507	43.3	12:01
64.0%	320000	-46154.45937370183	20107.35312629817	299.41818942289717	0.9588974058921507	43.3	11:57
64.2%	321000	-45821.21376823308	20277.39560676692	298.68072115343716	0.9588974058921507	43.3	11:53
64.4%	322000	-44821.07460807683	21243.36289192317	298.52630821851045	0.9588974058921507	43.3	11:49
64.6%	323000	-45833.28408073308	20551.59091926692	299.974273682377	0.9588974058921507	43.3	11:45
64.8%	324000	-45120.83144401433	20770.22324348567	297.74284085115164	0.9588974058921507	43.3	11:41
65.0%	325000	-45159.85585807683	20881.05039192317	298.4199772262839	0.9588974058921507	43.3	11:37
65.2%	326000	-44938.94374870183	20803.54062629817	297.0714940785178	0.9588974058921507	43.3	11:33
65.4%	327000	-45635.83730338933	20430.50644661067	298.5349220173496	0.9588974058921507	43.3	11:29
65.6%	328000	-45323.95253776433	19990.26230598567	295.1362664897483	0.9588974058921507	43.3	11:26
65.8%	329000	-44768.15956901433	21451.89511848567	299.2294978048855	0.9588974058921507	43.3	11:22
66.0%	330000	-44676.45400260808	21560.92880989192	299.30779864843083	0.9588974058921507	43.3	11:18
66.2%	331000	-45772.92226432683	20322.31211067317	298.66547049319746	0.9588974058921507	43.3	11:14
66.4%	332000	-44787.42177604558	20824.57041145442	296.4818371850381	0.9588974058921507	43.3	11:10
66.6%	333000	-45281.00917838933	21430.53769661067	301.4504105047418	0.9588974058921507	43.3	11:06
66.8%	334000	-44015.11025260808	22531.92099739192	300.70701142296633	0.9588974058921507	43.3	11:02
67.0%	335000	-44952.23525260808	21660.36630989192	301.00330492155797	0.9588974058921507	43.3	10:58
67.2%	336000	-44366.50331901433	21966.49668098567	299.7398653861006	0.9588974058921507	43.3	10:54
67.4%	337000	-44356.69667838933	21205.78769661067	296.258125532402	0.9588974058921507	43.3	10:50
67.6%	338000	-43438.15712760808	22696.80380989192	298.84498347310193	0.9588974058921507	43.3	10:47
67.8%	339000	-43758.06923698308	21510.62607551692	294.93057674001125	0.9588974058921507	43.3	10:43
68.0%	340000	-44332.57363151433	21416.80136848567	297.1026308431738	0.9588974058921507	43.3	10:39
68.2%	341000	-44456.45351432683	22314.44492317317	301.71860324974364	0.9588974058921507	43.2	10:35
68.4%	342000	-43987.67519401433	22328.80918098567	299.6652359977981	0.9588974058921507	43.2	10:31
68.6%	343000	-44605.63417838933	21139.65488411067	297.08416765959663	0.9588974058921507	43.2	10:27
68.8%	344000	-43669.88906120183	22476.43906379817	298.89634854404807	0.9588974058921507	43.2	10:23
69.0%	345000	-42995.61367057683	23780.15976692317	301.7406319812009	0.9588974058921507	43.2	10:19
69.2%	346000	-42686.18398307683	23372.12070442317	298.4985957919176	0.9588974058921507	43.2	10:15
69.4%	347000	-42863.92177604558	22941.96103645442	297.3579734948255	0.9588974058921507	43.2	10:12
69.6%	348000	-42498.98134635808	22932.24130989192	295.6649913471779	0.9588974058921507	43.2	10:08
69.8%	349000	-42357.37587760808	24596.63193489192	302.5460221726543	0.9588974058921507	43.2	10:04
70.0%	350000	-43309.05068229558	23340.26963020442	301.1692264565729	0.9588974058921507	43.2	10:00
70.2%	351000	-43680.59951042058	22409.16611457942	298.6407587752165	0.9588974058921507	43.2	9:56
70.4%	352000	-43528.25624870183	23076.77500129817	300.96909684338146	0.9588974058921507	43.2	9:52
70.6%	353000	-43793.93593620183	22793.59531379817	300.8900193458424	0.9588974058921507	43.1	9:48
70.8%	354000	-42343.11367057683	23082.57382942317	295.6399795583357	0.9588974058921507	43.1	9:45
71.0%	355000	-41543.83925651433	24450.61386848567	298.2100688332628	0.9588974058921507	43.1	9:41
71.2%	356000	-43403.59462760808	22958.39755989192	299.8708727938539	0.9588974058921507	43.1	9:37
71.4%	357000	-43017.38613151433	23266.05136848567	299.51590661628467	0.9588974058921507	43.1	9:33
71.6%	358000	-42391.76210807683	24228.86289192317	301.0395605420814	0.9588974058921507	43.1	9:29
71.8%	359000	-42290.07216667058	23542.13095832942	297.47690746322235	0.9588974058921507	43.1	9:25
72.0%	360000	-44364.75624870183	21616.54062629817	298.15061950029155	0.9588974058921507	43.1	9:21
72.2%	361000	-43869.33730338933	22611.24863411067	300.40676404949784	0.9588974058921507	43.1	9:17
72.4%	362000	-44400.84804557683	21503.52695442317	297.8030315356624	0.9588974058921507	43.1	9:13
72.6%	363000	-42598.70693229558	23082.00400520442	296.79235757269583	0.9588974058921507	43	9:09
72.8%	364000	-43047.94716667058	23089.41220832942	298.8558213265593	0.9588974058921507	43	9:06
73.0%	365000	-41687.33827995183	24435.02109504817	298.78804061438296	0.9588974058921507	43	9:02
73.2%	366000	-42269.74355338933	24356.75644661067	301.0661079876838	0.9588974058921507	43	8:58
73.4%	367000	-41703.17128776433	24127.33652473567	297.4692468306483	0.9588974058921507	43	8:54
73.6%	368000	-42964.06972526433	23359.63339973567	299.69785546553294	0.9588974058921507	43	8:50
73.8%	369000	-41881.59023307683	24509.77695442317	300.0036100218658	0.9588974058921507	43	8:46
74.0%	370000	-43166.16005729558	23372.19931770442	300.6678256987395	0.9588974058921507	43	8:42
74.2%	371000	-42388.91054557683	23874.90195442317	299.42722685118736	0.9588974058921507	43	8:38
74.4%	372000	-44016.03749870183	22183.83750129817	299.1383115655358	0.9588974058921507	43	8:34
74.6%	373000	-43724.72597526433	22006.00839973567	297.01839918731304	0.9588974058921507	43	8:30
74.8%	374000	-43181.19081901433	23118.41855598567	299.58898269659977	0.9588974058921507	42.9	8:27
75.0%	375000	-42750.29726432683	23517.14023567317	299.44360718996325	0.9588974058921507	42.9	8:23
75.2%	376000	-42910.87343620183	23601.30625129817	300.5495271745192	0.9588974058921507	42.8	8:20
75.4%	377000	-43738.64785026433	22345.49277473567	298.6153410081504	0.9588974058921507	42.8	8:16
75.6%	378000	-43751.22060417058	22057.68564582942	297.37163554462353	0.9588974058921507	42.7	8:13
75.8%	379000	-44266.18593620183	21747.18125129817	298.2955360750227	0.9588974058921507	42.7	8:09
76.0%	380000	-42771.49257682683	24239.66367317317	302.8042596255552	0.9588974058921507	42.6	8:06
76.2%	381000	-43282.56679557683	22816.32382942317	298.68199204179047	0.9588974058921507	42.6	8:02
76.4%	382000	-43322.58046745183	23170.88828254817	300.4649777965701	0.9588974058921507	42.5	7:59
76.6%	383000	-44274.78554557683	21955.90976692317	299.27757974758555	0.9588974058921507	42.5	7:55
76.8%	384000	-44971.36952995183	21732.72422004817	301.4167319633792	0.9588974058921507	42.4	7:52
77.0%	385000	-43680.38808463933	21846.74472786067	296.0983819268823	0.9588974058921507	42.4	7:48
77.2%	386000	-44216.63808463933	22001.08066536067	299.21894237106216	0.9588974058921507	42.4	7:45
77.4%	387000	-43607.67714713933	22045.46347786067	296.66777521161765	0.9588974058921507	42.3	7:41
77.6%	388000	-43893.95253776433	22945.70371223567	302.0293001496727	0.9588974058921507	42.3	7:37
77.8%	389000	-43532.12831901433	22830.41855598567	299.8733792681062	0.9588974058921507	42.2	7:34
78.0%	390000	-43866.65370963933	22213.34629036067	298.5966307073934	0.9588974058921507	42.2	7:30
78.2%	391000	-43888.92568229558	22388.25400520442	299.4876293504236	0.9588974058921507	42.1	7:27
78.4%	392000	-43766.30605338933	22811.68613411067	300.84691504919283	0.9588974058921507	42.1	7:23
78.6%	393000	-43879.50820182683	21458.60898567317	295.2442743485522	0.9588974058921507	42	7:20
78.8%	394000	-43876.84951042058	21881.90830207942	297.14502909073826	0.9588974058921507	42	7:16
79.0%	395000	-44592.58632682683	21573.07773567317	298.9837221183378	0.9588974058921507	41.9	7:12
79.2%	396000	-43761.23183463933	23007.88535286067	301.7105542901727	0.9588974058921507	41.9	7:09
79.4%	397000	-43576.74990104558	22764.60947395442	299.7776390121571	0.9588974058921507	41.8	7:05
79.6%	398000	-42600.13613151433	23702.03574348567	299.60056190159656	0.9588974058921507	41.8	7:01
79.8%	399000	-43239.12685417058	23516.91220832942	301.651457981744	0.9588974058921507	41.7	6:58
80.0%	400000	-42482.62831901433	23926.55918098567	300.08413492002944	0.9588974058921507	41.7	6:54
80.2%	401000	-43665.62929557683	22127.43320442317	297.3000421673873	0.9588974058921507	41.7	6:50
80.4%	402000	-45130.87441276433	21197.53964973567	299.71914284545085	0.9588974058921507	41.6	6:46
80.6%	403000	-42972.12490104558	22680.17197395442	296.6639625465577	0.9588974058921507	41.6	6:43
80.8%	404000	-43206.67421745183	22301.82578254817	296.0141855734758	0.9588974058921507	41.5	6:39
81.0%	405000	-42943.53017448308	23994.29013801692	302.47287548743066	0.9588974058921507	41.5	6:35
81.2%	406000	-42579.16933463933	23095.47129036067	296.764927565737	0.9588974058921507	41.4	6:31
81.4%	407000	-43921.74794792058	22202.82236457942	298.7980312089381	0.9588974058921507	41.4	6:28
81.6%	408000	-44555.45058463933	21382.19785286067	297.95338468834933	0.9588974058921507	41.4	6:24
81.8%	409000	-43612.64833854558	22390.57041145442	298.24967818694086	0.9588974058921507	41.3	6:20
82.0%	410000	-43311.23525260808	21924.75302864192	294.782783015258	0.9588974058921507	41.3	6:16
82.2%	411000	-44477.91249870183	20896.04062629817	295.40620670623593	0.9588974058921507	41.2	6:13
82.4%	412000	-45074.37197135808	21033.02646614192	298.72043641447794	0.9588974058921507	41.2	6:09
82.6%	413000	-43841.40615104558	22564.23447395442	300.0681076057961	0.9588974058921507	41.1	6:05
82.8%	414000	-42932.33486198308	22761.22763801692	296.8504301099511	0.9588974058921507	41.1	6:01
83.0%	415000	-42667.59365104558	23527.87509895442	299.11840098133405	0.9588974058921507	41	5:57
83.2%	416000	-42641.39687370183	23357.22812629817	298.22892034383693	0.9588974058921507	41	5:54
83.4%	417000	-42063.60732292058	24011.58017707942	298.57488439557017	0.9588974058921507	41	5:50
83.6%	418000	-43485.16640495183	22995.38047004817	300.4065875372265	0.9588974058921507	40.9	5:46
83.8%	419000	-42758.68007682683	22627.42929817317	295.46113732506217	0.9588974058921507	40.9	5:42
84.0%	420000	-43292.34218620183	22537.67343879817	297.46702277603	0.9588974058921507	40.8	5:38
84.2%	421000	-42996.51015495183	23162.41172004817	298.9532561003128	0.9588974058921507	40.8	5:34
84.4%	422000	-42306.10195182683	24226.42148567317	300.64145476540835	0.9588974058921507	40.7	5:30
84.6%	423000	-41431.02333854558	25064.82041145442	300.47570974266466	0.9588974058921507	40.7	5:26
84.8%	424000	-41559.69081901433	24806.01230598567	299.88764145962665	0.9588974058921507	40.7	5:22
85.0%	425000	-42585.39882682683	24317.72617317317	302.3160972880687	0.9588974058921507	40.6	5:18
85.2%	426000	-42650.18495963933	23155.70566536067	297.35800879727975	0.9588974058921507	40.6	5:15
85.4%	427000	-43351.27236198308	22421.96982551692	297.21047984093354	0.9588974058921507	40.6	5:11
85.6%	428000	-42819.85976432683	23181.79648567317	298.24261769608916	0.9588974058921507	40.5	5:07
85.8%	429000	-43982.94765495183	21220.80234504817	294.63710743776033	0.9588974058921507	40.5	5:03
86.0%	430000	-43457.45595573308	23116.39560676692	300.8282047484358	0.9588974058921507	40.4	4:59
86.2%	431000	-43890.68691276433	22599.59433723567	300.45057439523265	0.9588974058921507	40.4	4:55
86.4%	432000	-44042.45351432683	21677.71836067317	296.9706702691555	0.9588974058921507	40.4	4:51
86.6%	433000	-44057.57997917058	21825.90439582942	297.70863277297514	0.9588974058921507	40.3	4:47
86.8%	434000	-43862.51210807683	22339.39414192317	299.14749020364303	0.9588974058921507	40.3	4:43
87.0%	435000	-42868.80361198308	23289.46201301692	298.950290694155	0.9588974058921507	40.2	4:39
87.2%	436000	-43284.20253776433	22317.70371223567	296.43626171659037	0.9588974058921507	40.2	4:35
87.4%	437000	-42840.57167838933	22761.87363411067	296.4386975859342	0.9588974058921507	40.2	4:30
87.6%	438000	-42875.32851432683	22942.58554817317	297.4123392743836	0.9588974058921507	40.1	4:26
87.8%	439000	-43690.17324088933	21875.34238411067	296.2718228846543	0.9588974058921507	40.1	4:22
88.0%	440000	-44354.29238151433	21543.52011848567	297.77337747408524	0.9588974058921507	40.1	4:18
88.2%	441000	-43684.86757682683	22881.11679817317	300.79265517699747	0.9588974058921507	40	4:14
88.4%	442000	-42539.91689323308	23404.52060676692	297.98406252109993	0.9588974058921507	40	4:10
88.6%	443000	-43290.31093620183	22848.47812629817	298.8622816756886	0.9588974058921507	40	4:06
88.8%	444000	-44225.83827995183	21882.78672004817	298.72597889979653	0.9588974058921507	39.9	4:02
89.0%	445000	-43702.59267448308	22113.75107551692	297.4052434810776	0.9588974058921507	39.9	3:58
89.2%	446000	-43653.75234245183	22739.37265754817	300.01155307407396	0.9588974058921507	39.8	3:54
89.4%	447000	-43268.54384635808	23279.06552864192	300.7096238045815	0.9588974058921507	39.8	3:50
89.6%	448000	-43582.26015495183	23012.09922004817	300.92087369086437	0.9588974058921507	39.8	3:45
89.8%	449000	-43118.32753776433	22927.56308723567	298.4425001921008	0.9588974058921507	39.7	3:41
90.0%	450000	-44413.06533073308	21509.54404426692	297.88542746390175	0.9588974058921507	39.7	3:37
90.2%	451000	-44699.30507682683	21413.08554817317	298.7429946827491	0.9588974058921507	39.7	3:33
90.4%	452000	-43911.44033073308	22294.66904426692	299.1664829240341	0.9588974058921507	39.6	3:29
90.6%	453000	-43544.52968620183	23699.26718879817	303.85549610846476	0.9588974058921507	39.6	3:25
90.8%	454000	-43443.22451042058	23421.16611457942	302.1410677198551	0.9588974058921507	39.6	3:20
91.0%	455000	-42794.69863151433	23277.35605598567	298.5607281114125	0.9588974058921507	39.5	3:16
91.2%	456000	-43013.32558463933	23347.98691536067	299.86780148033336	0.9588974058921507	39.5	3:12
91.4%	457000	-44723.11171745183	20507.86875129817	294.76015414207836	0.9588974058921507	39.5	3:08
91.6%	458000	-44109.89296745183	21678.09922004817	297.2771308745735	0.9588974058921507	39.4	3:04
91.8%	459000	-43039.56923698308	23181.32138801692	299.2332751674912	0.9588974058921507	39.4	2:59
92.0%	460000	-42760.64882682683	23321.63242317317	298.6069390240369	0.9588974058921507	39.4	2:55
92.2%	461000	-43320.23525260808	23127.32724739192	300.2575405753472	0.9588974058921507	39.3	2:51
92.4%	462000	-43798.13320182683	22802.22617317317	300.9479859757349	0.9588974058921507	39.3	2:47
92.6%	463000	-44183.14540885808	21831.84677864192	298.30287898550847	0.9588974058921507	39.3	2:42
92.8%	464000	-42664.86464713933	23008.40097786067	296.7587143337875	0.9588974058921507	39.2	2:38
93.0%	465000	-43349.60341667058	22399.75595832942	297.10256023826526	0.9588974058921507	39.2	2:34
93.2%	466000	-43449.39833854558	23422.53134895442	302.17513458821446	0.9588974058921507	39.2	2:29
93.4%	467000	-42184.67275260808	23762.37412239192	297.9958535408223	0.9588974058921507	39.2	2:25
93.6%	468000	-43492.99648307683	22245.81601692317	297.05490192501634	0.9588974058921507	39.1	2:21
93.8%	469000	-43002.41542838933	22673.00644661067	296.7684578111628	0.9588974058921507	39.1	2:17
94.0%	470000	-42716.86074088933	23833.09238411067	300.72021454085905	0.9588974058921507	39.1	2:12
94.2%	471000	-42373.60341667058	23586.33408332942	298.0541025903488	0.9588974058921507	39	2:08
94.4%	472000	-43195.50576042058	22633.75986457942	297.4636337404212	0.9588974058921507	39	2:04
94.6%	473000	-41210.63613151433	25125.50449348567	299.75405697271253	0.9588974058921507	39	1:59
94.8%	474000	-42356.29042838933	23450.99082161067	297.36429263413777	0.9588974058921507	38.9	1:55
95.0%	475000	-42119.80068229558	23415.58994270442	296.13569662103356	0.9588974058921507	38.9	1:51
95.2%	476000	-42594.34706901433	24280.80918098567	302.18971450182323	0.9588974058921507	38.9	1:46
95.4%	477000	-41983.91005729558	24477.01181770442	300.3179077721292	0.9588974058921507	38.9	1:42
95.6%	478000	-41686.03603385808	23912.46396614192	296.4208698465337	0.9588974058921507	38.8	1:37
95.8%	479000	-41628.52724479558	24386.66806770442	298.30379684931916	0.9588974058921507	38.8	1:33
96.0%	480000	-42519.86855338933	23629.14707161067	298.908492588313	0.9588974058921507	38.8	1:29
96.2%	481000	-42417.75869010808	23430.33505989192	297.5487126551842	0.9588974058921507	38.7	1:24
96.4%	482000	-41933.09999870183	24267.01718879817	299.1394059416178	0.9588974058921507	38.7	1:20
96.6%	483000	-41847.32070182683	24788.16367317317	301.1067058100811	0.9588974058921507	38.7	1:15
96.8%	484000	-43111.78749870183	22762.30625129817	297.66619922295644	0.9588974058921507	38.6	1:11
97.0%	485000	-42696.05410026433	23128.35214973567	297.4416756138724	0.9588974058921507	38.6	1:07
97.2%	486000	-41590.66445182683	24613.37461067317	299.15712777365553	0.9588974058921507	38.6	1:02
97.4%	487000	-41876.25380729558	24958.02744270442	302.00501206114285	0.9588974058921507	38.5	0:58
97.6%	488000	-41121.77675651433	24713.95761848567	297.49286417254723	0.9588974058921507	38.5	0:53
97.8%	489000	-41124.06191276433	25129.64121223567	299.3815454753768	0.9588974058921507	38.5	0:49
98.0%	490000	-41141.65077995183	25155.76328254817	299.5790627069531	0.9588974058921507	38.4	0:44
98.2%	491000	-41120.36757682683	24583.89804817317	296.89879447228526	0.9588974058921507	38.4	0:40
98.4%	492000	-42115.52968620183	24229.05625129817	299.79221892576595	0.9588974058921507	38.4	0:36
98.6%	493000	-42535.85195182683	23857.48398567317	300.012506240339	0.9588974058921507	38.3	0:31
98.8%	494000	-42190.49257682683	23597.81992317317	297.2785782751982	0.9588974058921507	38.3	0:27
99.0%	495000	-42727.58632682683	23344.60117317317	298.5613282531349	0.9588974058921507	38.3	0:22
99.2%	496000	-42372.10585807683	24136.15976692317	300.5318406449357	0.9588974058921507	38.3	0:18
99.4%	497000	-42030.75380729558	24636.92588020442	301.2521872240804	0.9588974058921507	38.2	0:13
99.6%	498000	-41868.21816276433	24522.77402473567	300.0019155040614	0.9588974058921507	38.2	0:09
99.8%	499000	-42053.48622917058	23837.68564582942	297.7433703879655	0.9588974058921507	38.2	0:04
100.0%	500000	-43037.91738151433	22750.37949348567	297.2785076702896	0.9588974058921507	38.1	0:00
